# fxp vector file
# schema: 1
# kind: cmult
# rounding_mode: nearest_even
# seed: 20260725
# count: 864
# prod_w: 33
# generator: model/python/gen_fxp_vectors.py
# reference: model/python/fxp_reference.py (NumPy, independent)
# columns: id a_re a_im b_re b_im p_re p_im y_re y_im flags_re flags_im
# p_* is the EXACT full-precision product, prod_w bits, never saturated
# y_* is the rounded Q1.15 product; flags_* is {sat_pos<<1 | sat_neg}
cm_z_z 0 0 0 0 0 0 0 0 0 0
cm_z_p1_0 0 0 32767 0 0 0 0 0 0 0
cm_z_m1_0 0 0 -32768 0 0 0 0 0 0 0
cm_z_0_p1 0 0 0 32767 0 0 0 0 0 0
cm_z_0_m1 0 0 0 -32768 0 0 0 0 0 0
cm_z_p1_p1 0 0 32767 32767 0 0 0 0 0 0
cm_z_m1_m1 0 0 -32768 -32768 0 0 0 0 0 0
cm_z_p1_m1 0 0 32767 -32768 0 0 0 0 0 0
cm_z_m1_p1 0 0 -32768 32767 0 0 0 0 0 0
cm_z_h_h 0 0 16384 16384 0 0 0 0 0 0
cm_z_lsb 0 0 1 -1 0 0 0 0 0 0
cm_z_nlsb 0 0 -1 1 0 0 0 0 0 0
cm_p1_0_z 32767 0 0 0 0 0 0 0 0 0
cm_p1_0_p1_0 32767 0 32767 0 1073676289 0 32766 0 0 0
cm_p1_0_m1_0 32767 0 -32768 0 -1073709056 0 -32767 0 0 0
cm_p1_0_0_p1 32767 0 0 32767 0 1073676289 0 32766 0 0
cm_p1_0_0_m1 32767 0 0 -32768 0 -1073709056 0 -32767 0 0
cm_p1_0_p1_p1 32767 0 32767 32767 1073676289 1073676289 32766 32766 0 0
cm_p1_0_m1_m1 32767 0 -32768 -32768 -1073709056 -1073709056 -32767 -32767 0 0
cm_p1_0_p1_m1 32767 0 32767 -32768 1073676289 -1073709056 32766 -32767 0 0
cm_p1_0_m1_p1 32767 0 -32768 32767 -1073709056 1073676289 -32767 32766 0 0
cm_p1_0_h_h 32767 0 16384 16384 536854528 536854528 16384 16384 0 0
cm_p1_0_lsb 32767 0 1 -1 32767 -32767 1 -1 0 0
cm_p1_0_nlsb 32767 0 -1 1 -32767 32767 -1 1 0 0
cm_m1_0_z -32768 0 0 0 0 0 0 0 0 0
cm_m1_0_p1_0 -32768 0 32767 0 -1073709056 0 -32767 0 0 0
cm_m1_0_m1_0 -32768 0 -32768 0 1073741824 0 32767 0 2 0
cm_m1_0_0_p1 -32768 0 0 32767 0 -1073709056 0 -32767 0 0
cm_m1_0_0_m1 -32768 0 0 -32768 0 1073741824 0 32767 0 2
cm_m1_0_p1_p1 -32768 0 32767 32767 -1073709056 -1073709056 -32767 -32767 0 0
cm_m1_0_m1_m1 -32768 0 -32768 -32768 1073741824 1073741824 32767 32767 2 2
cm_m1_0_p1_m1 -32768 0 32767 -32768 -1073709056 1073741824 -32767 32767 0 2
cm_m1_0_m1_p1 -32768 0 -32768 32767 1073741824 -1073709056 32767 -32767 2 0
cm_m1_0_h_h -32768 0 16384 16384 -536870912 -536870912 -16384 -16384 0 0
cm_m1_0_lsb -32768 0 1 -1 -32768 32768 -1 1 0 0
cm_m1_0_nlsb -32768 0 -1 1 32768 -32768 1 -1 0 0
cm_0_p1_z 0 32767 0 0 0 0 0 0 0 0
cm_0_p1_p1_0 0 32767 32767 0 0 1073676289 0 32766 0 0
cm_0_p1_m1_0 0 32767 -32768 0 0 -1073709056 0 -32767 0 0
cm_0_p1_0_p1 0 32767 0 32767 -1073676289 0 -32766 0 0 0
cm_0_p1_0_m1 0 32767 0 -32768 1073709056 0 32767 0 0 0
cm_0_p1_p1_p1 0 32767 32767 32767 -1073676289 1073676289 -32766 32766 0 0
cm_0_p1_m1_m1 0 32767 -32768 -32768 1073709056 -1073709056 32767 -32767 0 0
cm_0_p1_p1_m1 0 32767 32767 -32768 1073709056 1073676289 32767 32766 0 0
cm_0_p1_m1_p1 0 32767 -32768 32767 -1073676289 -1073709056 -32766 -32767 0 0
cm_0_p1_h_h 0 32767 16384 16384 -536854528 536854528 -16384 16384 0 0
cm_0_p1_lsb 0 32767 1 -1 32767 32767 1 1 0 0
cm_0_p1_nlsb 0 32767 -1 1 -32767 -32767 -1 -1 0 0
cm_0_m1_z 0 -32768 0 0 0 0 0 0 0 0
cm_0_m1_p1_0 0 -32768 32767 0 0 -1073709056 0 -32767 0 0
cm_0_m1_m1_0 0 -32768 -32768 0 0 1073741824 0 32767 0 2
cm_0_m1_0_p1 0 -32768 0 32767 1073709056 0 32767 0 0 0
cm_0_m1_0_m1 0 -32768 0 -32768 -1073741824 0 -32768 0 0 0
cm_0_m1_p1_p1 0 -32768 32767 32767 1073709056 -1073709056 32767 -32767 0 0
cm_0_m1_m1_m1 0 -32768 -32768 -32768 -1073741824 1073741824 -32768 32767 0 2
cm_0_m1_p1_m1 0 -32768 32767 -32768 -1073741824 -1073709056 -32768 -32767 0 0
cm_0_m1_m1_p1 0 -32768 -32768 32767 1073709056 1073741824 32767 32767 0 2
cm_0_m1_h_h 0 -32768 16384 16384 536870912 -536870912 16384 -16384 0 0
cm_0_m1_lsb 0 -32768 1 -1 -32768 -32768 -1 -1 0 0
cm_0_m1_nlsb 0 -32768 -1 1 32768 32768 1 1 0 0
cm_p1_p1_z 32767 32767 0 0 0 0 0 0 0 0
cm_p1_p1_p1_0 32767 32767 32767 0 1073676289 1073676289 32766 32766 0 0
cm_p1_p1_m1_0 32767 32767 -32768 0 -1073709056 -1073709056 -32767 -32767 0 0
cm_p1_p1_0_p1 32767 32767 0 32767 -1073676289 1073676289 -32766 32766 0 0
cm_p1_p1_0_m1 32767 32767 0 -32768 1073709056 -1073709056 32767 -32767 0 0
cm_p1_p1_p1_p1 32767 32767 32767 32767 0 2147352578 0 32767 0 2
cm_p1_p1_m1_m1 32767 32767 -32768 -32768 0 -2147418112 0 -32768 0 1
cm_p1_p1_p1_m1 32767 32767 32767 -32768 2147385345 -32767 32767 -1 2 0
cm_p1_p1_m1_p1 32767 32767 -32768 32767 -2147385345 -32767 -32768 -1 1 0
cm_p1_p1_h_h 32767 32767 16384 16384 0 1073709056 0 32767 0 0
cm_p1_p1_lsb 32767 32767 1 -1 65534 0 2 0 0 0
cm_p1_p1_nlsb 32767 32767 -1 1 -65534 0 -2 0 0 0
cm_m1_m1_z -32768 -32768 0 0 0 0 0 0 0 0
cm_m1_m1_p1_0 -32768 -32768 32767 0 -1073709056 -1073709056 -32767 -32767 0 0
cm_m1_m1_m1_0 -32768 -32768 -32768 0 1073741824 1073741824 32767 32767 2 2
cm_m1_m1_0_p1 -32768 -32768 0 32767 1073709056 -1073709056 32767 -32767 0 0
cm_m1_m1_0_m1 -32768 -32768 0 -32768 -1073741824 1073741824 -32768 32767 0 2
cm_m1_m1_p1_p1 -32768 -32768 32767 32767 0 -2147418112 0 -32768 0 1
cm_m1_m1_m1_m1 -32768 -32768 -32768 -32768 0 2147483648 0 32767 0 2
cm_m1_m1_p1_m1 -32768 -32768 32767 -32768 -2147450880 32768 -32768 1 1 0
cm_m1_m1_m1_p1 -32768 -32768 -32768 32767 2147450880 32768 32767 1 2 0
cm_m1_m1_h_h -32768 -32768 16384 16384 0 -1073741824 0 -32768 0 0
cm_m1_m1_lsb -32768 -32768 1 -1 -65536 0 -2 0 0 0
cm_m1_m1_nlsb -32768 -32768 -1 1 65536 0 2 0 0 0
cm_p1_m1_z 32767 -32768 0 0 0 0 0 0 0 0
cm_p1_m1_p1_0 32767 -32768 32767 0 1073676289 -1073709056 32766 -32767 0 0
cm_p1_m1_m1_0 32767 -32768 -32768 0 -1073709056 1073741824 -32767 32767 0 2
cm_p1_m1_0_p1 32767 -32768 0 32767 1073709056 1073676289 32767 32766 0 0
cm_p1_m1_0_m1 32767 -32768 0 -32768 -1073741824 -1073709056 -32768 -32767 0 0
cm_p1_m1_p1_p1 32767 -32768 32767 32767 2147385345 -32767 32767 -1 2 0
cm_p1_m1_m1_m1 32767 -32768 -32768 -32768 -2147450880 32768 -32768 1 1 0
cm_p1_m1_p1_m1 32767 -32768 32767 -32768 -65535 -2147418112 -2 -32768 0 1
cm_p1_m1_m1_p1 32767 -32768 -32768 32767 0 2147418113 0 32767 0 2
cm_p1_m1_h_h 32767 -32768 16384 16384 1073725440 -16384 32767 0 2 0
cm_p1_m1_lsb 32767 -32768 1 -1 -1 -65535 0 -2 0 0
cm_p1_m1_nlsb 32767 -32768 -1 1 1 65535 0 2 0 0
cm_m1_p1_z -32768 32767 0 0 0 0 0 0 0 0
cm_m1_p1_p1_0 -32768 32767 32767 0 -1073709056 1073676289 -32767 32766 0 0
cm_m1_p1_m1_0 -32768 32767 -32768 0 1073741824 -1073709056 32767 -32767 2 0
cm_m1_p1_0_p1 -32768 32767 0 32767 -1073676289 -1073709056 -32766 -32767 0 0
cm_m1_p1_0_m1 -32768 32767 0 -32768 1073709056 1073741824 32767 32767 0 2
cm_m1_p1_p1_p1 -32768 32767 32767 32767 -2147385345 -32767 -32768 -1 1 0
cm_m1_p1_m1_m1 -32768 32767 -32768 -32768 2147450880 32768 32767 1 2 0
cm_m1_p1_p1_m1 -32768 32767 32767 -32768 0 2147418113 0 32767 0 2
cm_m1_p1_m1_p1 -32768 32767 -32768 32767 65535 -2147418112 2 -32768 0 1
cm_m1_p1_h_h -32768 32767 16384 16384 -1073725440 -16384 -32768 0 0 0
cm_m1_p1_lsb -32768 32767 1 -1 -1 65535 0 2 0 0
cm_m1_p1_nlsb -32768 32767 -1 1 1 -65535 0 -2 0 0
cm_h_h_z 16384 16384 0 0 0 0 0 0 0 0
cm_h_h_p1_0 16384 16384 32767 0 536854528 536854528 16384 16384 0 0
cm_h_h_m1_0 16384 16384 -32768 0 -536870912 -536870912 -16384 -16384 0 0
cm_h_h_0_p1 16384 16384 0 32767 -536854528 536854528 -16384 16384 0 0
cm_h_h_0_m1 16384 16384 0 -32768 536870912 -536870912 16384 -16384 0 0
cm_h_h_p1_p1 16384 16384 32767 32767 0 1073709056 0 32767 0 0
cm_h_h_m1_m1 16384 16384 -32768 -32768 0 -1073741824 0 -32768 0 0
cm_h_h_p1_m1 16384 16384 32767 -32768 1073725440 -16384 32767 0 2 0
cm_h_h_m1_p1 16384 16384 -32768 32767 -1073725440 -16384 -32768 0 0 0
cm_h_h_h_h 16384 16384 16384 16384 0 536870912 0 16384 0 0
cm_h_h_lsb 16384 16384 1 -1 32768 0 1 0 0 0
cm_h_h_nlsb 16384 16384 -1 1 -32768 0 -1 0 0 0
cm_lsb_z 1 -1 0 0 0 0 0 0 0 0
cm_lsb_p1_0 1 -1 32767 0 32767 -32767 1 -1 0 0
cm_lsb_m1_0 1 -1 -32768 0 -32768 32768 -1 1 0 0
cm_lsb_0_p1 1 -1 0 32767 32767 32767 1 1 0 0
cm_lsb_0_m1 1 -1 0 -32768 -32768 -32768 -1 -1 0 0
cm_lsb_p1_p1 1 -1 32767 32767 65534 0 2 0 0 0
cm_lsb_m1_m1 1 -1 -32768 -32768 -65536 0 -2 0 0 0
cm_lsb_p1_m1 1 -1 32767 -32768 -1 -65535 0 -2 0 0
cm_lsb_m1_p1 1 -1 -32768 32767 -1 65535 0 2 0 0
cm_lsb_h_h 1 -1 16384 16384 32768 0 1 0 0 0
cm_lsb_lsb 1 -1 1 -1 0 -2 0 0 0 0
cm_lsb_nlsb 1 -1 -1 1 0 2 0 0 0 0
cm_nlsb_z -1 1 0 0 0 0 0 0 0 0
cm_nlsb_p1_0 -1 1 32767 0 -32767 32767 -1 1 0 0
cm_nlsb_m1_0 -1 1 -32768 0 32768 -32768 1 -1 0 0
cm_nlsb_0_p1 -1 1 0 32767 -32767 -32767 -1 -1 0 0
cm_nlsb_0_m1 -1 1 0 -32768 32768 32768 1 1 0 0
cm_nlsb_p1_p1 -1 1 32767 32767 -65534 0 -2 0 0 0
cm_nlsb_m1_m1 -1 1 -32768 -32768 65536 0 2 0 0 0
cm_nlsb_p1_m1 -1 1 32767 -32768 1 65535 0 2 0 0
cm_nlsb_m1_p1 -1 1 -32768 32767 1 -65535 0 -2 0 0
cm_nlsb_h_h -1 1 16384 16384 -32768 0 -1 0 0 0
cm_nlsb_lsb -1 1 1 -1 0 2 0 0 0 0
cm_nlsb_nlsb -1 1 -1 1 0 -2 0 0 0 0
cmb_pos_a1_b16376 -32768 1 -32768 16376 1073725448 -536641536 32767 -16377 2 0
cmb_pos_a1_b16377 -32768 1 -32768 16377 1073725447 -536674304 32767 -16378 2 0
cmb_pos_a1_b16378 -32768 1 -32768 16378 1073725446 -536707072 32767 -16379 2 0
cmb_pos_a1_b16379 -32768 1 -32768 16379 1073725445 -536739840 32767 -16380 2 0
cmb_pos_a1_b16380 -32768 1 -32768 16380 1073725444 -536772608 32767 -16381 2 0
cmb_pos_a1_b16381 -32768 1 -32768 16381 1073725443 -536805376 32767 -16382 2 0
cmb_pos_a1_b16382 -32768 1 -32768 16382 1073725442 -536838144 32767 -16383 2 0
cmb_pos_a1_b16383 -32768 1 -32768 16383 1073725441 -536870912 32767 -16384 2 0
cmb_pos_a1_b16384 -32768 1 -32768 16384 1073725440 -536903680 32767 -16385 2 0
cmb_pos_a1_b16385 -32768 1 -32768 16385 1073725439 -536936448 32767 -16386 0 0
cmb_pos_a1_b16386 -32768 1 -32768 16386 1073725438 -536969216 32767 -16387 0 0
cmb_pos_a1_b16387 -32768 1 -32768 16387 1073725437 -537001984 32767 -16388 0 0
cmb_pos_a1_b16388 -32768 1 -32768 16388 1073725436 -537034752 32767 -16389 0 0
cmb_pos_a1_b16389 -32768 1 -32768 16389 1073725435 -537067520 32767 -16390 0 0
cmb_pos_a1_b16390 -32768 1 -32768 16390 1073725434 -537100288 32767 -16391 0 0
cmb_pos_a1_b16391 -32768 1 -32768 16391 1073725433 -537133056 32767 -16392 0 0
cmb_pos_a1_b16392 -32768 1 -32768 16392 1073725432 -537165824 32767 -16393 0 0
cmb_pos_a2_b16376 -32768 2 -32768 16376 1073709072 -536674304 32767 -16378 0 0
cmb_pos_a2_b16377 -32768 2 -32768 16377 1073709070 -536707072 32767 -16379 0 0
cmb_pos_a2_b16378 -32768 2 -32768 16378 1073709068 -536739840 32767 -16380 0 0
cmb_pos_a2_b16379 -32768 2 -32768 16379 1073709066 -536772608 32767 -16381 0 0
cmb_pos_a2_b16380 -32768 2 -32768 16380 1073709064 -536805376 32767 -16382 0 0
cmb_pos_a2_b16381 -32768 2 -32768 16381 1073709062 -536838144 32767 -16383 0 0
cmb_pos_a2_b16382 -32768 2 -32768 16382 1073709060 -536870912 32767 -16384 0 0
cmb_pos_a2_b16383 -32768 2 -32768 16383 1073709058 -536903680 32767 -16385 0 0
cmb_pos_a2_b16384 -32768 2 -32768 16384 1073709056 -536936448 32767 -16386 0 0
cmb_pos_a2_b16385 -32768 2 -32768 16385 1073709054 -536969216 32767 -16387 0 0
cmb_pos_a2_b16386 -32768 2 -32768 16386 1073709052 -537001984 32767 -16388 0 0
cmb_pos_a2_b16387 -32768 2 -32768 16387 1073709050 -537034752 32767 -16389 0 0
cmb_pos_a2_b16388 -32768 2 -32768 16388 1073709048 -537067520 32767 -16390 0 0
cmb_pos_a2_b16389 -32768 2 -32768 16389 1073709046 -537100288 32767 -16391 0 0
cmb_pos_a2_b16390 -32768 2 -32768 16390 1073709044 -537133056 32767 -16392 0 0
cmb_pos_a2_b16391 -32768 2 -32768 16391 1073709042 -537165824 32767 -16393 0 0
cmb_pos_a2_b16392 -32768 2 -32768 16392 1073709040 -537198592 32767 -16394 0 0
cmb_neg_a4_b16380 -32768 4 32767 16380 -1073774576 -536608772 -32768 -16376 1 0
cmb_neg_a4_b16381 -32768 4 32767 16381 -1073774580 -536641540 -32768 -16377 1 0
cmb_neg_a4_b16382 -32768 4 32767 16382 -1073774584 -536674308 -32768 -16378 1 0
cmb_neg_a4_b16383 -32768 4 32767 16383 -1073774588 -536707076 -32768 -16379 1 0
cmb_neg_a4_b16384 -32768 4 32767 16384 -1073774592 -536739844 -32768 -16380 1 0
cmb_neg_a4_b16385 -32768 4 32767 16385 -1073774596 -536772612 -32768 -16381 1 0
cmb_neg_a4_b16386 -32768 4 32767 16386 -1073774600 -536805380 -32768 -16382 1 0
cmb_neg_a4_b16387 -32768 4 32767 16387 -1073774604 -536838148 -32768 -16383 1 0
cmb_neg_a4_b16388 -32768 4 32767 16388 -1073774608 -536870916 -32768 -16384 1 0
cmb_neg_a5_b16380 -32768 5 32767 16380 -1073790956 -536576005 -32768 -16375 1 0
cmb_neg_a5_b16381 -32768 5 32767 16381 -1073790961 -536608773 -32768 -16376 1 0
cmb_neg_a5_b16382 -32768 5 32767 16382 -1073790966 -536641541 -32768 -16377 1 0
cmb_neg_a5_b16383 -32768 5 32767 16383 -1073790971 -536674309 -32768 -16378 1 0
cmb_neg_a5_b16384 -32768 5 32767 16384 -1073790976 -536707077 -32768 -16379 1 0
cmb_neg_a5_b16385 -32768 5 32767 16385 -1073790981 -536739845 -32768 -16380 1 0
cmb_neg_a5_b16386 -32768 5 32767 16386 -1073790986 -536772613 -32768 -16381 1 0
cmb_neg_a5_b16387 -32768 5 32767 16387 -1073790991 -536805381 -32768 -16382 1 0
cmb_neg_a5_b16388 -32768 5 32767 16388 -1073790996 -536838149 -32768 -16383 1 0
cmb_neg_a6_b16380 -32768 6 32767 16380 -1073807336 -536543238 -32768 -16374 1 0
cmb_neg_a6_b16381 -32768 6 32767 16381 -1073807342 -536576006 -32768 -16375 1 0
cmb_neg_a6_b16382 -32768 6 32767 16382 -1073807348 -536608774 -32768 -16376 1 0
cmb_neg_a6_b16383 -32768 6 32767 16383 -1073807354 -536641542 -32768 -16377 1 0
cmb_neg_a6_b16384 -32768 6 32767 16384 -1073807360 -536674310 -32768 -16378 1 0
cmb_neg_a6_b16385 -32768 6 32767 16385 -1073807366 -536707078 -32768 -16379 1 0
cmb_neg_a6_b16386 -32768 6 32767 16386 -1073807372 -536739846 -32768 -16380 1 0
cmb_neg_a6_b16387 -32768 6 32767 16387 -1073807378 -536772614 -32768 -16381 1 0
cmb_neg_a6_b16388 -32768 6 32767 16388 -1073807384 -536805382 -32768 -16382 1 0
cmb_im_kn4 -32768 -32768 16380 16380 0 -1073479680 0 -32760 0 0
cmb_im_kn3 -32768 -32768 16381 16381 0 -1073545216 0 -32762 0 0
cmb_im_kn2 -32768 -32768 16382 16382 0 -1073610752 0 -32764 0 0
cmb_im_kn1 -32768 -32768 16383 16383 0 -1073676288 0 -32766 0 0
cmb_im_k0 -32768 -32768 16384 16384 0 -1073741824 0 -32768 0 0
cmb_im_k1 -32768 -32768 16385 16385 0 -1073807360 0 -32768 0 1
cmb_im_k2 -32768 -32768 16386 16386 0 -1073872896 0 -32768 0 1
cmb_im_k3 -32768 -32768 16387 16387 0 -1073938432 0 -32768 0 1
cmb_im_k4 -32768 -32768 16388 16388 0 -1074003968 0 -32768 0 1
cms_bsum_max 0 0 32767 32767 0 0 0 0 0 0
cms_bsum_min 0 0 -32768 -32768 0 0 0 0 0 0
cms_asum_max 32767 32767 0 0 0 0 0 0 0 0
cms_asum_min -32768 -32768 0 0 0 0 0 0 0 0
cms_adif_max -32768 32767 1 1 -65535 -1 -2 0 0 0
cms_adif_min 32767 -32768 1 1 65535 -1 2 0 0 0
cms_adif_zero 32767 32767 32767 32767 0 2147352578 0 32767 0 2
cms_bsum_zero 32767 -32768 32767 -32767 -32767 -2147385345 -1 -32768 0 1
cms_asum_zero 32767 -32767 -32768 32767 -32767 2147385345 -1 32767 0 2
cmu_q1_one 12345 6789 32767 0 404508615 222455163 12345 6789 0 0
cmu_one_q1 32767 0 12345 6789 404508615 222455163 12345 6789 0 0
cmu_q2_one -12345 6789 32767 0 -404508615 222455163 -12345 6789 0 0
cmu_one_q2 32767 0 -12345 6789 -404508615 222455163 -12345 6789 0 0
cmu_q3_one -12345 -6789 32767 0 -404508615 -222455163 -12345 -6789 0 0
cmu_one_q3 32767 0 -12345 -6789 -404508615 -222455163 -12345 -6789 0 0
cmu_q4_one 12345 -6789 32767 0 404508615 -222455163 12345 -6789 0 0
cmu_one_q4 32767 0 12345 -6789 404508615 -222455163 12345 -6789 0 0
cmu_small_one 3 -5 32767 0 98301 -163835 3 -5 0 0
cmu_one_small 32767 0 3 -5 98301 -163835 3 -5 0 0
cmu_half_one 16384 -16384 32767 0 536854528 -536854528 16384 -16384 0 0
cmu_one_half 32767 0 16384 -16384 536854528 -536854528 16384 -16384 0 0
cmu_q1_negone 12345 6789 -32768 0 -404520960 -222461952 -12345 -6789 0 0
cmu_negone_q1 -32768 0 12345 6789 -404520960 -222461952 -12345 -6789 0 0
cmu_q2_negone -12345 6789 -32768 0 404520960 -222461952 12345 -6789 0 0
cmu_negone_q2 -32768 0 -12345 6789 404520960 -222461952 12345 -6789 0 0
cmu_q3_negone -12345 -6789 -32768 0 404520960 222461952 12345 6789 0 0
cmu_negone_q3 -32768 0 -12345 -6789 404520960 222461952 12345 6789 0 0
cmu_q4_negone 12345 -6789 -32768 0 -404520960 222461952 -12345 6789 0 0
cmu_negone_q4 -32768 0 12345 -6789 -404520960 222461952 -12345 6789 0 0
cmu_small_negone 3 -5 -32768 0 -98304 163840 -3 5 0 0
cmu_negone_small -32768 0 3 -5 -98304 163840 -3 5 0 0
cmu_half_negone 16384 -16384 -32768 0 -536870912 536870912 -16384 16384 0 0
cmu_negone_half -32768 0 16384 -16384 -536870912 536870912 -16384 16384 0 0
cmu_q1_j 12345 6789 0 32767 -222455163 404508615 -6789 12345 0 0
cmu_j_q1 0 32767 12345 6789 -222455163 404508615 -6789 12345 0 0
cmu_q2_j -12345 6789 0 32767 -222455163 -404508615 -6789 -12345 0 0
cmu_j_q2 0 32767 -12345 6789 -222455163 -404508615 -6789 -12345 0 0
cmu_q3_j -12345 -6789 0 32767 222455163 -404508615 6789 -12345 0 0
cmu_j_q3 0 32767 -12345 -6789 222455163 -404508615 6789 -12345 0 0
cmu_q4_j 12345 -6789 0 32767 222455163 404508615 6789 12345 0 0
cmu_j_q4 0 32767 12345 -6789 222455163 404508615 6789 12345 0 0
cmu_small_j 3 -5 0 32767 163835 98301 5 3 0 0
cmu_j_small 0 32767 3 -5 163835 98301 5 3 0 0
cmu_half_j 16384 -16384 0 32767 536854528 536854528 16384 16384 0 0
cmu_j_half 0 32767 16384 -16384 536854528 536854528 16384 16384 0 0
cmu_q1_negj 12345 6789 0 -32768 222461952 -404520960 6789 -12345 0 0
cmu_negj_q1 0 -32768 12345 6789 222461952 -404520960 6789 -12345 0 0
cmu_q2_negj -12345 6789 0 -32768 222461952 404520960 6789 12345 0 0
cmu_negj_q2 0 -32768 -12345 6789 222461952 404520960 6789 12345 0 0
cmu_q3_negj -12345 -6789 0 -32768 -222461952 404520960 -6789 12345 0 0
cmu_negj_q3 0 -32768 -12345 -6789 -222461952 404520960 -6789 12345 0 0
cmu_q4_negj 12345 -6789 0 -32768 -222461952 -404520960 -6789 -12345 0 0
cmu_negj_q4 0 -32768 12345 -6789 -222461952 -404520960 -6789 -12345 0 0
cmu_small_negj 3 -5 0 -32768 -163840 -98304 -5 -3 0 0
cmu_negj_small 0 -32768 3 -5 -163840 -98304 -5 -3 0 0
cmu_half_negj 16384 -16384 0 -32768 -536870912 -536870912 -16384 -16384 0 0
cmu_negj_half 0 -32768 16384 -16384 -536870912 -536870912 -16384 -16384 0 0
cml_0000 -1 -1 -1 -1 0 2 0 0 0 0
cml_0001 -1 -1 -1 0 1 1 0 0 0 0
cml_0002 -1 -1 -1 1 2 0 0 0 0 0
cml_0010 -1 -1 0 -1 -1 1 0 0 0 0
cml_0011 -1 -1 0 0 0 0 0 0 0 0
cml_0012 -1 -1 0 1 1 -1 0 0 0 0
cml_0020 -1 -1 1 -1 -2 0 0 0 0 0
cml_0021 -1 -1 1 0 -1 -1 0 0 0 0
cml_0022 -1 -1 1 1 0 -2 0 0 0 0
cml_0100 -1 0 -1 -1 1 1 0 0 0 0
cml_0101 -1 0 -1 0 1 0 0 0 0 0
cml_0102 -1 0 -1 1 1 -1 0 0 0 0
cml_0110 -1 0 0 -1 0 1 0 0 0 0
cml_0111 -1 0 0 0 0 0 0 0 0 0
cml_0112 -1 0 0 1 0 -1 0 0 0 0
cml_0120 -1 0 1 -1 -1 1 0 0 0 0
cml_0121 -1 0 1 0 -1 0 0 0 0 0
cml_0122 -1 0 1 1 -1 -1 0 0 0 0
cml_0200 -1 1 -1 -1 2 0 0 0 0 0
cml_0201 -1 1 -1 0 1 -1 0 0 0 0
cml_0202 -1 1 -1 1 0 -2 0 0 0 0
cml_0210 -1 1 0 -1 1 1 0 0 0 0
cml_0211 -1 1 0 0 0 0 0 0 0 0
cml_0212 -1 1 0 1 -1 -1 0 0 0 0
cml_0220 -1 1 1 -1 0 2 0 0 0 0
cml_0221 -1 1 1 0 -1 1 0 0 0 0
cml_0222 -1 1 1 1 -2 0 0 0 0 0
cml_1000 0 -1 -1 -1 -1 1 0 0 0 0
cml_1001 0 -1 -1 0 0 1 0 0 0 0
cml_1002 0 -1 -1 1 1 1 0 0 0 0
cml_1010 0 -1 0 -1 -1 0 0 0 0 0
cml_1011 0 -1 0 0 0 0 0 0 0 0
cml_1012 0 -1 0 1 1 0 0 0 0 0
cml_1020 0 -1 1 -1 -1 -1 0 0 0 0
cml_1021 0 -1 1 0 0 -1 0 0 0 0
cml_1022 0 -1 1 1 1 -1 0 0 0 0
cml_1100 0 0 -1 -1 0 0 0 0 0 0
cml_1101 0 0 -1 0 0 0 0 0 0 0
cml_1102 0 0 -1 1 0 0 0 0 0 0
cml_1110 0 0 0 -1 0 0 0 0 0 0
cml_1111 0 0 0 0 0 0 0 0 0 0
cml_1112 0 0 0 1 0 0 0 0 0 0
cml_1120 0 0 1 -1 0 0 0 0 0 0
cml_1121 0 0 1 0 0 0 0 0 0 0
cml_1122 0 0 1 1 0 0 0 0 0 0
cml_1200 0 1 -1 -1 1 -1 0 0 0 0
cml_1201 0 1 -1 0 0 -1 0 0 0 0
cml_1202 0 1 -1 1 -1 -1 0 0 0 0
cml_1210 0 1 0 -1 1 0 0 0 0 0
cml_1211 0 1 0 0 0 0 0 0 0 0
cml_1212 0 1 0 1 -1 0 0 0 0 0
cml_1220 0 1 1 -1 1 1 0 0 0 0
cml_1221 0 1 1 0 0 1 0 0 0 0
cml_1222 0 1 1 1 -1 1 0 0 0 0
cml_2000 1 -1 -1 -1 -2 0 0 0 0 0
cml_2001 1 -1 -1 0 -1 1 0 0 0 0
cml_2002 1 -1 -1 1 0 2 0 0 0 0
cml_2010 1 -1 0 -1 -1 -1 0 0 0 0
cml_2011 1 -1 0 0 0 0 0 0 0 0
cml_2012 1 -1 0 1 1 1 0 0 0 0
cml_2020 1 -1 1 -1 0 -2 0 0 0 0
cml_2021 1 -1 1 0 1 -1 0 0 0 0
cml_2022 1 -1 1 1 2 0 0 0 0 0
cml_2100 1 0 -1 -1 -1 -1 0 0 0 0
cml_2101 1 0 -1 0 -1 0 0 0 0 0
cml_2102 1 0 -1 1 -1 1 0 0 0 0
cml_2110 1 0 0 -1 0 -1 0 0 0 0
cml_2111 1 0 0 0 0 0 0 0 0 0
cml_2112 1 0 0 1 0 1 0 0 0 0
cml_2120 1 0 1 -1 1 -1 0 0 0 0
cml_2121 1 0 1 0 1 0 0 0 0 0
cml_2122 1 0 1 1 1 1 0 0 0 0
cml_2200 1 1 -1 -1 0 -2 0 0 0 0
cml_2201 1 1 -1 0 -1 -1 0 0 0 0
cml_2202 1 1 -1 1 -2 0 0 0 0 0
cml_2210 1 1 0 -1 1 -1 0 0 0 0
cml_2211 1 1 0 0 0 0 0 0 0 0
cml_2212 1 1 0 1 -1 1 0 0 0 0
cml_2220 1 1 1 -1 2 0 0 0 0 0
cml_2221 1 1 1 0 1 1 0 0 0 0
cml_2222 1 1 1 1 0 2 0 0 0 0
cmr_0 9977 26373 26089 -19759 781394060 490909654 23846 14981 0 0
cmr_1 18847 4273 29434 -24236 658303026 -331004410 20090 -10101 0 0
cmr_2 -16271 -24796 -29840 80 487510320 738610960 14878 22541 0 0
cmr_3 -6730 30709 5250 10001 -342453209 93915520 -10451 2866 0 0
cmr_4 -9514 2250 -27323 -24011 313975772 166963904 9582 5095 0 0
cmr_5 -469 394 6426 -15042 2912754 9586542 89 293 0 0
cmr_6 10235 -19237 8505 16075 396283450 916940 12094 28 0 0
cmr_7 -24586 -8444 -8555 30212 465443358 -670553812 14204 -20464 0 0
cmr_8 3755 -18186 6575 -20129 -341376869 -195157345 -10418 -5956 0 0
cmr_9 7583 -31462 10493 19618 696789935 -181367472 21264 -5535 0 0
cmr_10 -2476 -3226 15886 6013 -19935798 -66136424 -608 -2018 0 0
cmr_11 6401 -28016 23722 -11036 -157340054 -735236988 -4802 -22438 0 0
cmr_12 3487 15188 13702 -3284 97656266 196654668 2980 6001 0 0
cmr_13 -2411 -3033 19360 -16122 -95574986 -19848738 -2917 -606 0 0
cmr_14 6883 3448 -23740 -24101 -80302172 -247742703 -2451 -7561 0 0
cmr_15 19953 -20451 6033 15392 435158241 183735693 13280 5607 0 0
cmr_16 23466 -22274 -14103 -22614 -834645234 -216529902 -25471 -6608 0 0
cmr_17 -633 9656 -9780 -10183 104517788 -87989841 3190 -2685 0 0
cmr_18 -24037 -598 4859 1293 -116022569 -33985523 -3541 -1037 0 0
cmr_19 23161 -940 -28741 23743 -643351881 576928163 -19634 17606 0 0
cmr_20 10399 -15978 -20284 17081 61986902 501723071 1892 15311 0 0
cmr_21 -27417 -24875 25171 -15772 -1082441807 -193707701 -32768 -5911 1 0
cmr_22 5807 7556 -6880 28188 -252940688 111702436 -7719 3409 0 0
cmr_23 -23657 -1962 -11070 16473 294203016 -367982421 8978 -11230 0 0
cmr_24 -19159 -22306 8970 -18940 -594331870 162786640 -18138 4968 0 0
cmr_25 25055 -23824 30094 -31841 -4574814 -1514735711 -140 -32768 0 1
cmr_26 2404 26347 11525 31141 -792765827 378512139 -24193 11551 0 0
cmr_27 31733 3661 16518 29166 417388968 985997076 12738 30090 0 0
cmr_28 -9829 -25504 21787 11846 87975961 -672089982 2685 -20511 0 0
cmr_29 3176 -23445 3363 2548 70418748 -70753087 2149 -2159 0 0
cmr_30 20751 -8988 -9231 -21427 -384138357 -361663449 -11723 -11037 0 0
cmr_31 -25532 -25580 -3707 31885 910265424 -719262760 27779 -21950 0 0
cmr_32 19198 -18174 -26438 4620 -423592844 569178972 -12927 17370 0 0
cmr_33 -17735 24705 25461 -1435 -416099160 654463730 -12698 19973 0 0
cmr_34 25079 -19095 32277 -11484 590187903 -904336551 18011 -27598 0 0
cmr_35 -9812 -12265 4624 26943 285085207 -321078076 8700 -9799 0 0
cmr_36 17714 -13511 -2579 -15374 -253402520 -237490167 -7733 -7248 0 0
cmr_37 -12778 28149 -19587 -15757 693826479 -350011517 21174 -10682 0 0
cmr_38 30544 -24390 -15739 30095 253285034 1303095890 7730 32767 0 2
cmr_39 -13869 -8041 7157 -19360 -254934193 210954403 -7780 6438 0 0
cmr_40 12341 24164 -17566 19716 -693199430 -181149668 -21155 -5528 0 0
cmr_41 13558 1828 26541 438 359042214 54455352 10957 1662 0 0
cmr_42 3125 -28040 -21399 -10220 -353440675 568090460 -10786 17337 0 0
cmr_43 -273 -13379 -20200 5776 82791704 268678952 2527 8199 0 0
cmr_44 -19267 20743 -15522 6372 166887978 -444742170 5093 -13572 0 0
cmr_45 6724 -13199 17524 26401 466298175 -53778952 14230 -1641 0 0
cmr_46 2569 11361 -26191 30002 -408137401 -220480813 -12455 -6729 0 0
cmr_47 28684 -26547 -11113 -28760 -1082257012 -529935029 -32768 -16172 1 0
cmr_48 5155 -14369 3194 -10927 -140544993 -102223271 -4289 -3120 0 0
cmr_49 -17654 -16566 -15793 -7794 149694218 399222114 4568 12183 0 0
cmr_50 18900 26024 -2982 -13540 296005160 -333509568 9033 -10178 0 0
cmr_51 4912 -12266 -12097 5750 11109036 176625802 339 5390 0 0
cmr_52 -21701 25661 -10542 -10757 504807319 -37080605 15405 -1132 0 0
cmr_53 -7384 1454 9330 -10393 -53781298 90307732 -1641 2756 0 0
cmr_54 -13282 802 -18967 -9423 259476940 109944752 7919 3355 0 0
cmr_55 -27876 20927 -4261 -17257 479916875 391886185 14646 11959 0 0
cmr_56 -4836 15836 25521 -10681 45724760 455803872 1395 13910 0 0
cmr_57 -6459 -22344 11328 -3032 -140914560 -233529144 -4300 -7127 0 0
cmr_58 -2503 11624 -1730 -22203 262417862 35464589 8008 1082 0 0
cmr_59 25089 -9640 -4668 -23493 -343587972 -544416357 -10485 -16614 0 0
cmr_60 4039 -13277 21956 -27536 -276915188 -402727716 -8451 -12290 0 0
cmr_61 -31564 781 5294 -22822 -149275834 724488222 -4556 22110 0 0
cmr_62 10441 -24289 -21754 -793 -246394691 520103193 -7519 15872 0 0
cmr_63 13304 16988 -8245 32578 -663126544 293351652 -20237 8952 0 0
cmr_64 1374 -24503 1215 -11568 -281781294 -45665577 -8599 -1394 0 0
cmr_65 14500 -24627 20411 2054 346543358 -472878697 10576 -14431 0 0
cmr_66 17826 -8215 -18754 731 -328303639 167094916 -10019 5099 0 0
cmr_67 2570 -31270 28948 12063 451606370 -874202050 13782 -26679 0 0
cmr_68 29497 24797 14974 5852 296576034 543926722 9051 16599 0 0
cmr_69 -15653 6066 697 -10098 50344327 162291996 1536 4953 0 0
cmr_70 24240 -16693 30062 8434 869491642 -297384806 26535 -9075 0 0
cmr_71 -28819 -31022 3929 -10318 -433314847 175469004 -13224 5355 0 0
cmr_72 20946 14238 -16145 -5062 -266100414 -335901162 -8121 -10251 0 0
cmr_73 28865 21694 29262 -448 854366542 621878308 26073 18978 0 0
cmr_74 -32587 -12753 -23428 14830 952575226 -184487926 29070 -5630 0 0
cmr_75 31065 -15635 -2190 -1508 -91609930 -12605370 -2796 -385 0 0
cmr_76 24819 -201 -28040 -6311 -697193271 -150996669 -21277 -4608 0 0
cmr_77 20101 30779 -22637 16063 -949429414 -373861860 -28974 -11409 0 0
cmr_78 -7649 -32716 -17510 4814 291428814 536034874 8894 16358 0 0
cmr_79 -17007 10846 -27063 -31453 801399679 241395873 24457 7367 0 0
cmr_80 9990 -28195 18838 13664 573448100 -394634050 17500 -12043 0 0
cmr_81 -9057 -7041 29715 20974 -121450821 -399184833 -3706 -12182 0 0
cmr_82 -3960 -29925 1952 12006 351549630 -105957360 10728 -3234 0 0
cmr_83 30629 6877 -24048 1664 -748009520 -114411440 -22827 -3492 0 0
cmr_84 -2987 23366 -17037 -22577 578423701 -330649043 17652 -10091 0 0
cmr_85 8989 -3748 29033 -5061 242009009 -154309013 7386 -4709 0 0
cmr_86 4111 1081 16372 -11008 79204940 -27555756 2417 -841 0 0
cmr_87 13305 -24414 -13564 -4755 -296557590 267886221 -9050 8175 0 0
cmr_88 -22690 -3228 29406 23997 -589759824 -639414498 -17998 -19513 0 0
cmr_89 3915 -18067 -26497 5108 -11449519 498719119 -349 15220 0 0
cmr_90 -30017 5793 14212 4891 -454935167 -64483031 -13884 -1968 0 0
cmr_91 20379 20053 5923 20303 -286431242 532528756 -8741 16251 0 0
cmr_92 -7666 -29419 10839 -19113 -645377121 -172352283 -19695 -5260 0 0
cmr_93 -12357 25064 -1417 -24663 635663301 269245003 19399 8217 0 0
cmr_94 -29948 -21416 28793 10057 -646912052 -917817924 -19742 -28010 0 0
cmr_95 6676 32420 -16646 -15789 400750684 -645070684 12230 -19686 0 0
cmr_96 -17377 -8891 -16003 12849 392324590 -80994400 11973 -2472 0 0
cmr_97 10169 -9535 835 -16089 -144917500 -171570766 -4423 -5236 0 0
cmr_98 7940 -1099 15174 7119 128305341 39848634 3916 1216 0 0
cmr_99 13962 18322 18911 -10274 452275610 203041754 13802 6196 0 0
cmr_100 -9951 30331 -3919 3914 -79717565 -157815403 -2433 -4816 0 0
cmr_101 12353 -32206 -6484 30417 899513050 584564905 27451 17840 0 0
cmr_102 29738 31828 -30048 24829 -1683824836 -218002942 -32768 -6653 1 0
cmr_103 17208 -21912 -1341 9028 174745608 184737816 5333 5638 0 0
cmr_104 -9696 -18797 -29817 -14613 14425071 702157797 440 21428 0 0
cmr_105 8255 2894 22483 6643 166372323 119903767 5077 3659 0 0
cmr_106 -7206 -3232 -22604 -31553 60905128 300427046 1859 9168 0 0
cmr_107 -19706 6097 14597 -13789 -203576949 360723943 -6213 11008 0 0
cmr_108 12155 1852 9832 19078 84175504 250101954 2569 7633 0 0
cmr_109 17637 -9784 -7336 3997 -90278384 142270513 -2755 4342 0 0
cmr_110 -27384 6621 9817 -14355 -173784273 458095677 -5303 13980 0 0
cmr_111 -3061 -19031 25788 -25976 -573286324 -411258892 -17495 -12551 0 0
cmr_112 1435 28306 18048 -1966 81548476 508045478 2489 15504 0 0
cmr_113 -31149 22767 19259 -16420 -226064451 949936233 -6899 28990 0 0
cmr_114 1265 -5308 2825 25563 139262029 17342095 4250 529 0 0
cmr_115 -2427 -5794 -15748 -30170 -136584584 164466502 -4168 5019 0 0
cmr_116 -30940 31040 8633 9038 -547644540 -11667400 -16713 -356 0 0
cmr_117 -23217 24703 6730 30612 -912458646 -544467614 -27846 -16616 0 0
cmr_118 -8965 19499 -24205 6581 88674906 -530971960 2706 -16204 0 0
cmr_119 29107 -11364 -18290 18546 -321610286 747665982 -9815 22817 0 0
cmr_120 -19234 14525 -3262 16517 -177168117 -365068528 -5407 -11141 0 0
cmr_121 30073 -26386 30721 -20486 383329037 -1426679784 11698 -32768 0 1
cmr_122 4573 68 -7100 -24416 -30808012 -112137168 -940 -3422 0 0
cmr_123 18459 -8748 -22344 20570 -232501536 575166942 -7095 17553 0 0
cmr_124 6855 -4317 -1604 -7903 -45112671 -47250597 -1377 -1442 0 0
cmr_125 -8207 -20887 10943 6882 53935133 -285047015 1646 -8699 0 0
cmr_126 -14765 -18429 19738 9636 -113849726 -506027142 -3474 -15443 0 0
cmr_127 1973 17363 3397 17928 -304581583 94354055 -9295 2879 0 0
cmr_128 29419 24283 -314 -7563 174414763 -230120759 5323 -7023 0 0
cmr_129 7097 -22266 -6695 22855 461375015 311272805 14080 9499 0 0
cmr_130 5484 -17423 16927 -6041 -12424675 -328047965 -379 -10011 0 0
cmr_131 -18003 4099 -18893 22640 247329319 -485030327 7548 -14802 0 0
cmr_132 17854 90 -4324 -28772 -74611216 -514084448 -2277 -15689 0 0
cmr_133 3744 -15174 17633 2579 105151698 -257907366 3209 -7871 0 0
cmr_134 24114 -9005 -3379 9580 4786694 261440015 146 7979 0 0
cmr_135 11984 -5177 -9467 -26029 -248204661 -262920877 -7575 -8024 0 0
cmr_136 -29449 31361 26489 30217 -1727709898 -59138904 -32768 -1805 1 0
cmr_137 22531 -21329 -629 22089 456964282 511103200 13945 15598 0 0
cmr_138 6815 4288 12013 -6458 109560499 7500474 3344 229 0 0
cmr_139 26091 28981 -3410 14902 -520845172 289982872 -15895 8850 0 0
cmr_140 2694 -11636 -29931 15148 95628014 389085828 2918 11874 0 0
cmr_141 -19521 -10860 -11784 19437 441121284 -251455437 13462 -7674 0 0
cmr_142 28547 26847 -21595 32180 -1480408925 338881495 -32768 10342 1 0
cmr_143 -7213 15172 32122 -17499 33798842 613575271 1031 18725 0 0
cmr_144 -31725 25157 18203 -28942 150603719 1376117821 4596 32767 0 2
cmr_145 -16185 27640 12559 20774 -777460775 10903570 -23726 333 0 0
cmr_146 27115 27686 11423 5460 158569085 464305078 4839 14169 0 0
cmr_147 -21606 -27697 -31206 28892 1474458560 240072030 32767 7326 2 0
cmr_148 -288 11947 23420 -20899 242935393 285817652 7414 8722 0 0
cmr_149 22070 15795 28170 -28198 1067099310 -177384710 32565 -5413 0 0
cmr_150 5081 -2235 19395 23830 151806045 77732405 4633 2372 0 0
cmr_151 -31190 -10873 -7719 21972 479657166 -601377993 14638 -18353 0 0
cmr_152 18376 848 16807 -24408 329543416 -434269072 10057 -13253 0 0
cmr_153 19482 -15481 -4404 -1646 -111280454 36110952 -3396 1102 0 0
cmr_154 17176 -26323 1812 -14637 -354166839 -299102388 -10808 -9128 0 0
cmr_155 -2447 -20421 -13928 -12039 -211766603 313883121 -6463 9579 0 0
cmr_156 1838 24807 -1708 -22078 544549642 -82949720 16618 -2531 0 0
cmr_157 -19720 -1753 16022 -14970 -342196250 267121834 -10443 8152 0 0
cmr_158 -20407 25506 14235 -30875 497004105 993144035 15167 30308 0 0
cmr_159 -9872 13685 -2039 -27192 392251528 240535709 11971 7341 0 0
cmr_160 -17371 1436 17442 5123 -310341610 -63944921 -9471 -1951 0 0
cmr_161 31874 -24107 -22332 -30022 -1435550522 -418563704 -32768 -12774 1 0
cmr_162 31782 -3861 -5493 22837 -86404869 747014007 -2637 22797 0 0
cmr_163 8020 -12342 -2255 -2344 -47014748 9032330 -1435 276 0 0
cmr_164 28942 -16732 -31526 14173 -675282856 937687998 -20608 28616 0 0
cmr_165 17144 -17072 26954 292 467084400 -455152640 14254 -13890 0 0
cmr_166 -9740 3838 -19091 -22764 273314572 148450102 8341 4530 0 0
cmr_167 32583 -14255 -1610 -9309 -185158425 -280364597 -5651 -8556 0 0
cmr_168 -19372 -22057 13399 -8985 -457747573 -121484323 -13969 -3707 0 0
cmr_169 -6546 927 13209 -19480 -68408154 139760823 -2088 4265 0 0
cmr_170 13952 -7149 -9225 -27091 -322380759 -312024107 -9838 -9522 0 0
cmr_171 -15611 25232 8484 -2303 -74334428 250020421 -2269 7630 0 0
cmr_172 -24479 -21032 8974 8502 -40860482 -396861626 -1247 -12111 0 0
cmr_173 -29113 32003 -10199 20379 -355265650 -919692424 -10842 -28067 0 0
cmr_174 -4989 21338 17447 25730 -636069823 243917116 -19411 7444 0 0
cmr_175 9412 -7273 -21951 13240 -110308292 284264503 -3366 8675 0 0
cmr_176 -25832 -23990 -16577 -9076 210483824 632133462 6423 19291 0 0
cmr_177 -2302 -5765 6154 -1044 -20185168 -33074522 -616 -1009 0 0
cmr_178 -25399 -11811 -30211 -26 767022103 357482495 23408 10909 0 0
cmr_179 -27092 -7349 -4745 3202 152083038 -51877579 4641 -1583 0 0
cmr_180 -32540 15843 17396 -14624 -334377808 751469788 -10204 22933 0 0
cmr_181 10316 -22094 -31926 -593 -342450358 699255656 -10451 21340 0 0
cmr_182 -14979 8099 19481 9096 -365474403 21527635 -11153 657 0 0
cmr_183 23984 -21130 -29142 16583 -348542938 1013497132 -10637 30929 0 0
cmr_184 7558 -22788 -10006 -13295 -378591808 127533118 -11554 3892 0 0
cmr_185 31090 16677 3228 -24451 508127847 -706348234 15507 -21556 0 0
cmr_186 8641 -4267 -2072 25591 91292645 229973055 2786 7018 0 0
cmr_187 -29832 -2420 -17421 -11140 492744472 374487300 15037 11428 0 0
cmr_188 -6146 30786 -209 -14410 444910774 82129586 13578 2506 0 0
cmr_189 -11734 -24126 -24757 -14079 -49171316 762490368 -1501 23269 0 0
cmr_190 -25714 27816 16558 16178 -875779660 44576236 -26727 1360 0 0
cmr_191 11043 20559 -25575 20385 -701519940 -300684870 -21409 -9176 0 0
cmr_192 5728 -4927 -15159 17062 -2766278 172419529 -84 5262 0 0
cmr_193 20250 10589 -31819 31692 -979921338 304831609 -29905 9303 0 0
cmr_194 5790 13591 28923 25380 -177475410 540042693 -5416 16481 0 0
cmr_195 -6943 20263 4376 -8540 142663452 147964108 4354 4516 0 0
cmr_196 -26341 24473 18475 -9582 -252149689 704538137 -7695 21501 0 0
cmr_197 -30096 9574 12385 2300 -394759160 49353190 -12047 1506 0 0
cmr_198 24866 -30707 -7638 -13713 -611011599 -106447392 -18647 -3249 0 0
cmr_199 10230 17089 13447 27588 -333888522 512021023 -10189 15626 0 0
cmr_200 864 94 -1347 -8273 -386146 -7274490 -12 -222 0 0
cmr_201 907 -14868 27657 -15357 -203242977 -425133075 -6202 -12974 0 0
cmr_202 -24873 -18259 21223 32512 65756929 -1196181733 2007 -32768 0 1
cmr_203 -31121 16537 8351 -21111 89221136 795095918 2723 24264 0 0
cmr_204 5634 -30593 12827 -23687 -652389073 -525868969 -19909 -16048 0 0
cmr_205 -2612 13169 22752 18656 -305109088 250891616 -9311 7657 0 0
cmr_206 31022 -2946 3881 -8255 96077152 -267520036 2932 -8164 0 0
cmr_207 28939 -17115 -9031 -13359 -489987394 -232030536 -14953 -7081 0 0
cmr_208 21529 12337 -4237 -22978 192261213 -546965231 5867 -16692 0 0
cmr_209 29131 -17483 16749 -19589 145440632 -863469926 4438 -26351 0 0
cmr_210 14106 -7200 -27108 1665 -370397448 218664090 -11304 6673 0 0
cmr_211 -16134 -31107 -18320 -16339 -212682393 833493666 -6491 25436 0 0
cmr_212 12176 21814 -17320 -16737 154212598 -581608192 4706 -17749 0 0
cmr_213 24732 2104 -13978 14778 -376796808 336079784 -11499 10256 0 0
cmr_214 3569 30829 29289 9970 -202832689 938533511 -6190 28642 0 0
cmr_215 -21206 -24853 -24821 25898 1169997120 67683325 32767 2066 2 0
cmr_216 -9353 -15644 11609 3818 -48850185 -217320950 -1491 -6632 0 0
cmr_217 14836 -29559 12604 -30287 -708260489 -821899568 -21614 -25082 0 0
cmr_218 -21030 6340 -4064 -22285 226752820 442887790 6920 13516 0 0
cmr_219 -6230 -181 8575 -23965 -57759915 147749875 -1763 4509 0 0
cmr_220 -4213 31888 12961 11003 -405468357 366944729 -12374 11198 0 0
cmr_221 -3504 12287 2196 8544 -112674912 -2955924 -3439 -90 0 0
cmr_222 -13480 -20531 -16038 -20169 -197897499 601154298 -6039 18346 0 0
cmr_223 -22689 -1783 18931 -22584 -469792731 478654403 -14337 14607 0 0
cmr_224 5709 8011 -20889 29716 -357310177 2306865 -10904 70 0 0
cmr_225 -1883 -30006 -23056 29180 918989528 636872396 28045 19436 0 0
cmr_226 -9230 11009 10788 8942 -198015718 36230432 -6043 1106 0 0
cmr_227 -30991 31770 -14665 -26211 1287206485 346398051 32767 10571 2 0
cmr_228 -23512 -28214 -32179 -31736 -138806856 1654075138 -4236 32767 0 2
cmr_229 -25195 -24708 -27928 24660 1312945240 68736324 32767 2098 2 0
cmr_230 -4286 9123 -25946 -8452 188312152 -200480086 5747 -6118 0 0
cmr_231 26104 -28188 6434 -9395 -96873124 -426608672 -2956 -13019 0 0
cmr_232 21890 -25104 -26569 -24145 -1187731490 138454126 -32768 4225 1 0
cmr_233 -23865 30189 -15532 -6945 580333785 -303153123 17710 -9251 0 0
cmr_234 -9030 27646 -28612 -18614 772969004 -622922932 23589 -19010 0 0
cmr_235 4272 -7649 19542 -23181 -93828045 -248505990 -2863 -7584 0 0
cmr_236 30176 18409 30102 21532 511975364 1203897350 15624 32767 0 2
cmr_237 -19323 20645 4321 -12004 164327897 321160337 5015 9801 0 0
cmr_238 -22492 618 -28205 5026 631280792 -130475482 19265 -3982 0 0
cmr_239 -24874 10575 -25637 -11745 761898113 21033855 23251 642 0 0
cmr_240 -25258 -27495 4807 -13461 -491525401 207829473 -15000 6342 0 0
cmr_241 -29903 -27367 -8845 -19189 -260653328 815869782 -7955 24898 0 0
cmr_242 30569 10485 -32102 2067 -1002998533 -273403347 -30609 -8344 0 0
cmr_243 25958 17948 61 -9128 165412782 -235849796 5048 -7198 0 0
cmr_244 -27254 21934 6715 -17602 203071658 627011718 6197 19135 0 0
cmr_245 27729 8689 -18554 -27032 -279602818 -910786034 -8533 -27795 0 0
cmr_246 -12949 8184 31151 -15511 -276432275 455791723 -8436 13910 0 0
cmr_247 -17802 10343 -16501 20518 81533128 -535931279 2488 -16355 0 0
cmr_248 30237 -10801 -1746 11687 73437485 372238365 2241 11360 0 0
cmr_249 -26046 24293 -12944 -24409 930107261 321308222 28385 9806 0 0
cmr_250 -4803 3695 -31365 -26562 248792685 11683611 7593 357 0 0
cmr_251 -15491 21754 -14883 -27741 834030267 105971049 25453 3234 0 0
cmr_252 26337 -26803 -11182 -13937 -668053745 -67347623 -20387 -2055 0 0
cmr_253 -11686 7835 14777 -12004 -78632682 256056539 -2400 7814 0 0
cmr_254 -15786 19908 -23361 27164 -172004166 -893881692 -5249 -27279 0 0
cmr_255 25338 -22126 -15245 22586 113460026 909594938 3463 27759 0 0
cmr_256 7109 -8312 -30521 -11018 -308555405 175363590 -9416 5352 0 0
cmr_257 -10106 14541 -8472 19073 -191722461 -315943090 -5851 -9642 0 0
cmr_258 -12559 -14383 -8200 15501 325934683 -76736459 9947 -2342 0 0
cmr_259 -13725 12501 -16334 27145 -115155495 -576756459 -3514 -17601 0 0
cmr_260 2603 -4138 24079 22444 155550909 -41217170 4747 -1258 0 0
cmr_261 -21269 -19917 -4317 9050 272067123 -106502761 8303 -3250 0 0
cmr_262 -13669 -27054 -22141 2470 369468709 565240184 11275 17250 0 0
cmr_263 -3015 22118 -18029 -18532 464248211 -342891442 14168 -10464 0 0
cmr_264 576 10963 -11832 -30946 332445766 -147539112 10145 -4503 0 0
cmr_265 -15945 -16672 22693 -13169 -581393453 -168357991 -17743 -5138 0 0
cmr_266 29916 14093 11031 -19643 606832195 -432180105 18519 -13189 0 0
cmr_267 14710 -15098 -28759 25193 -42680976 804792412 -1303 24560 0 0
cmr_268 12347 -9650 13092 3433 194775374 -83950549 5944 -2562 0 0
cmr_269 -4263 -1029 13515 1473 -56098728 -20186334 -1712 -616 0 0
cmr_270 678 -9413 4522 21581 206207869 -27933668 6293 -852 0 0
cmr_271 14278 -7012 -15283 18624 -87619186 373077868 -2674 11385 0 0
cmr_272 -27740 -24605 31232 27783 -182774965 -1539163780 -5578 -32768 0 1
cmr_273 -10282 1080 -2321 3865 19690322 -42246610 601 -1289 0 0
cmr_274 -5442 29421 -28988 19241 -408336765 -957565470 -12461 -29223 0 0
cmr_275 8651 -31341 -11439 26088 718665219 584196987 21932 17828 0 0
cmr_276 23359 -17148 -5672 -17443 -431604812 -310187581 -13172 -9466 0 0
cmr_277 -19879 18373 24474 -1292 -462780730 475344470 -14123 14506 0 0
cmr_278 -23867 -12998 6889 12694 576849 -392510920 18 -11978 0 0
cmr_279 12073 -13073 -23022 -15236 -477124834 117022378 -14561 3571 0 0
cmr_280 -1934 15105 4380 -22883 337176795 110415622 10290 3370 0 0
cmr_281 -6557 -18663 -17906 10801 318988705 263357521 9735 8037 0 0
cmr_282 -23568 8743 22306 31686 -802738506 -551754290 -24498 -16838 0 0
cmr_283 10751 -22716 25342 19428 713778290 -366798444 21783 -11194 0 0
cmr_284 -25658 27411 14296 -16892 96219844 825282592 2936 25186 0 0
cmr_285 5937 2201 26587 -27094 217480913 -102339091 6637 -3123 0 0
cmr_286 -22323 -31406 -4945 -5076 -49029621 268614218 -1496 8197 0 0
cmr_287 -14248 14204 -18342 -21029 560032732 39091424 17091 1193 0 0
cmr_288 13584 24699 8665 329 109579389 218485971 3344 6668 0 0
cmr_289 22500 11084 -5667 -1156 -114694396 -88823028 -3500 -2711 0 0
cmr_290 -8626 -12990 -12542 25389 437990402 -56084934 13366 -1712 0 0
cmr_291 -16468 9756 -8530 -14754 284412064 159750192 8680 4875 0 0
cmr_292 5205 -10426 -6256 9114 62460084 112663426 1906 3438 0 0
cmr_293 -27348 32290 5140 29068 -1079174440 -628981064 -32768 -19195 1 0
cmr_294 16543 -22530 19003 -12758 26928889 -639193184 822 -19507 0 0
cmr_295 19658 16382 -28523 -14387 -325017300 -750083432 -9919 -22891 0 0
cmr_296 -23122 7361 27113 6935 -677955321 39227723 -20690 1197 0 0
cmr_297 -4803 -28575 32058 1596 -108368874 -923722938 -3307 -28190 0 0
cmr_298 -3404 -18744 5866 -5055 -114718784 -92745084 -3501 -2830 0 0
cmr_299 9076 19627 14191 -27664 671758844 27448293 20500 838 0 0
cmr_300 29978 -19167 23951 -32222 100404004 -1425019933 3064 -32768 0 1
cmr_301 25443 -23210 15964 -26231 -202649458 -1037919773 -6184 -31675 0 0
cmr_302 25555 9313 -2757 -13301 53417078 -365582996 1630 -11157 0 0
cmr_303 15615 -27420 -10467 -15896 -599310525 38789100 -18290 1184 0 0
cmr_304 23004 -1493 2130 21135 80553075 483009450 2458 14740 0 0
cmr_305 20197 -3262 -21344 -22293 -503804534 -380627593 -15375 -11616 0 0
cmr_306 -16050 -28044 -23558 -2732 301489692 704509152 9201 21500 0 0
cmr_307 -28389 27722 9322 6768 -452264754 66287732 -13802 2023 0 0
cmr_308 23233 19572 -14476 17883 -686326984 132151467 -20945 4033 0 0
cmr_309 5939 27913 -28879 -31411 705262862 -992649456 21523 -30293 0 0
cmr_310 13061 -14292 12365 6468 253939921 -92242032 7750 -2815 0 0
cmr_311 16505 -22221 11612 17056 570657436 23479028 17415 717 0 0
cmr_312 11039 -5705 524 -9235 -46901239 -104934585 -1431 -3202 0 0
cmr_313 18334 -24623 -17530 -20887 -835695621 48698932 -25503 1486 0 0
cmr_314 32571 12612 -24928 -8228 -708158352 -582386124 -21611 -17773 0 0
cmr_315 -8722 -2038 -5540 3030 54495020 -15137140 1663 -462 0 0
cmr_316 -15755 13827 -8110 -21995 431897915 234394255 13180 7153 0 0
cmr_317 -6261 -7235 -18740 19181 256105675 15491659 7816 473 0 0
cmr_318 14831 26967 -32068 9073 -720272099 -730216093 -21981 -22284 0 0
cmr_319 -29813 -20862 9043 -476 -279529271 -174464078 -8531 -5324 0 0
cmr_320 2013 -29827 25581 22009 707956996 -718700370 21605 -21933 0 0
cmr_321 -22108 -3906 -24319 7319 566232466 -66818438 17280 -2039 0 0
cmr_322 554 6103 11860 -3473 27766159 70457538 847 2150 0 0
cmr_323 11787 29901 -4056 -5216 108155544 -182759448 3301 -5577 0 0
cmr_324 -21817 3061 17358 -19967 -317580499 488752877 -9692 14916 0 0
cmr_325 -23737 32065 -21920 -20299 1171202475 -221027437 32767 -6745 2 0
cmr_326 -30008 -26056 -23342 26007 1378085128 -172218904 32767 -5256 2 0
cmr_327 -1915 22721 26712 -15862 309247022 637299082 9437 19449 0 0
cmr_328 6712 6697 23012 23539 -3184139 312105132 -97 9525 0 0
cmr_329 18002 31216 7358 6056 -56585380 338707440 -1727 10337 0 0
cmr_330 -18148 -19358 24093 -14866 -725015792 -196604126 -22126 -6000 0 0
cmr_331 14644 7748 -25725 20976 -539238948 107855244 -16456 3291 0 0
cmr_332 -22474 -24251 32485 14683 -373990457 -1117779477 -11413 -32768 0 1
cmr_333 12946 -31480 -3343 -31820 -1044972078 -306704080 -31890 -9360 0 0
cmr_334 -17651 7333 -22599 -18969 537994626 169103352 16418 5161 0 0
cmr_335 -4947 31043 -17403 -2678 169225795 -526993263 5164 -16083 0 0
cmr_336 980 27945 32342 20148 -531340700 923542230 -16215 28184 0 0
cmr_337 -15818 21739 7014 -6540 31225608 255927066 953 7810 0 0
cmr_338 -7553 -2892 26848 8910 -177015224 -144941646 -5402 -4423 0 0
cmr_339 10193 15311 -7186 -26298 329401780 -378080360 10053 -11538 0 0
cmr_340 2044 -23994 -24842 30505 681159922 658411168 20787 20093 0 0
cmr_341 22753 -26956 -30151 -31884 -1545490807 87293704 -32768 2664 1 0
cmr_342 24574 25249 21593 193 525753325 549944439 16045 16783 0 0
cmr_343 -8836 -5862 -7522 12368 138965608 -65189684 4241 -1989 0 0
cmr_344 -22867 8710 -8392 29212 -62536656 -741085124 -1908 -22616 0 0
cmr_345 2015 -28004 27409 20877 639868643 -725494481 19527 -22140 0 0
cmr_346 -6961 -27908 -5249 14989 454851301 42150663 13881 1286 0 0
cmr_347 31925 24764 -16161 14157 -866523873 51751221 -26444 1579 0 0
cmr_348 -5374 -22691 -16044 16273 455471099 276603302 13900 8441 0 0
cmr_349 25469 11145 11891 26753 4689694 813897352 143 24838 0 0
cmr_350 -12608 29910 -22995 15536 -174760800 -883658338 -5333 -26967 0 0
cmr_351 -15285 -9940 -28255 -25136 182025835 665058460 5555 20296 0 0
cmr_352 -13852 -2758 -19252 -28457 188194298 447283380 5743 13650 0 0
cmr_353 -26319 -9549 -30790 -16382 653930292 725171568 19956 22130 0 0
cmr_354 12386 -1907 -31484 -25262 -438135458 -252855144 -13371 -7717 0 0
cmr_355 5620 7280 30522 25647 -15176520 366336300 -463 11180 0 0
cmr_356 20275 669 4616 -23697 109442693 -477368571 3340 -14568 0 0
cmr_357 -1416 28753 -9630 15157 -422173141 -298353702 -12884 -9105 0 0
cmr_358 5944 12645 -6367 31269 -433241953 105352221 -13221 3215 0 0
cmr_359 -23517 -6292 14816 30134 -158824744 -801883550 -4847 -24472 0 0
cmr_360 23774 -31933 21737 9927 833774329 -458123123 25445 -13981 0 0
cmr_361 19555 -31468 19552 -3685 266379780 -687322511 8129 -20975 0 0
cmr_362 -2763 21589 -10618 13975 -272368741 -267844927 -8312 -8174 0 0
cmr_363 -1337 -8626 -14822 14758 147119522 108123126 4490 3300 0 0
cmr_364 32100 19839 5274 29189 -409785171 1041597786 -12506 31787 0 0
cmr_365 17032 14917 -4900 -1490 -61230470 -98470980 -1869 -3005 0 0
cmr_366 5297 30496 -9046 -26192 750834570 -414605840 22914 -12653 0 0
cmr_367 31376 -30253 25742 -17298 284364598 -1321514774 8678 -32768 0 1
cmr_368 -22020 22362 19458 -1710 -390226140 472773996 -11909 14428 0 0
cmr_369 31898 -13340 -4938 -26252 -507714004 -771513376 -15494 -23545 0 0
cmr_370 -27269 29641 24017 20173 -1252867466 161790360 -32768 4937 1 0
cmr_371 -11783 13322 -27142 -17876 557958258 -150952816 17028 -4607 0 0
cmr_372 16932 3527 -15797 17579 -329475937 241931609 -10055 7383 0 0
cmr_373 -2019 31864 -6558 -15925 520674802 -176811537 15890 -5396 0 0
cmr_374 27056 -6135 -7914 32687 -13586439 932931862 -415 28471 0 0
cmr_375 30437 -22065 22994 10537 932367283 -186647941 28454 -5696 0 0
cmr_376 -5304 -6853 -15625 -16155 -27835215 192764245 -849 5883 0 0
cmr_377 -2567 -868 -27453 -16278 56342547 65614830 1719 2002 0 0
cmr_378 -10419 7694 -26104 20639 113181110 -415881917 3454 -12692 0 0
cmr_379 -25044 -11875 28401 -18668 -932957144 130259517 -28472 3975 0 0
cmr_380 928 -25793 28440 3773 123709309 -730051576 3775 -22279 0 0
cmr_381 29367 -15678 -19865 -6368 -683212959 124434414 -20850 3797 0 0
cmr_382 -11088 3857 25266 -23255 -190454873 355302402 -5812 10843 0 0
cmr_383 -8960 -2184 -23184 17398 245725872 -105252224 7499 -3212 0 0
cmr_384 -5991 -9000 7486 21756 150955374 -197714196 4607 -6034 0 0
cmr_385 640 22003 31005 17633 -368135699 693488135 -11235 21164 0 0
cmr_386 -3337 6569 -9338 2806 12728292 -70704944 388 -2158 0 0
cmr_387 -28057 -27576 7285 1629 -159473941 -246596013 -4867 -7526 0 0
cmr_388 4410 23902 3370 -19217 474186434 -4197230 14471 -128 0 0
cmr_389 29880 -17301 -22412 -15922 -945137082 -87999348 -28843 -2686 0 0
cmr_390 -30627 8055 3556 28169 -335810907 -834088383 -10248 -25454 0 0
cmr_391 5527 -9208 10128 -31450 -233614144 -267082774 -7129 -8151 0 0
cmr_392 19636 23146 4930 16655 -288691150 441147360 -8810 13463 0 0
cmr_393 -1373 -19965 -11240 2812 71574100 220545724 2184 6731 0 0
cmr_394 3057 -4808 19588 6969 93387468 -72874871 2850 -2224 0 0
cmr_395 28173 -12272 6315 -2040 152877615 -134970600 4665 -4119 0 0
cmr_396 -9100 -8489 4479 -15521 -172516669 103218869 -5265 3150 0 0
cmr_397 3295 -17944 10768 657 47269768 -191056177 1443 -5831 0 0
cmr_398 -12954 21549 -14500 -4419 283058031 -255216774 8638 -7789 0 0
cmr_399 -20545 32403 8413 9051 -466124638 86653644 -14225 2644 0 0
cmr_400 425 17977 -26740 14192 -266494084 -474673380 -8133 -14486 0 0
cmr_401 26536 18154 -3362 -4736 -3236688 -186708244 -99 -5698 0 0
cmr_402 -6968 16660 -1514 30618 -499546328 -238569464 -15245 -7281 0 0
cmr_403 -8474 -30792 -11360 -12840 -299104640 458603280 -9128 13995 0 0
cmr_404 -7501 30572 -31541 20863 -401234595 -1120764815 -12245 -32768 0 1
cmr_405 -14119 -19420 11622 -2393 -210563078 -191912473 -6426 -5857 0 0
cmr_406 30876 32077 -2351 -30460 904475944 -1015895987 27602 -31003 0 0
cmr_407 -17117 25657 23074 15604 -795309486 324915950 -24271 9916 0 0
cmr_408 21201 -7826 9206 1667 208222348 -36704089 6354 -1120 0 0
cmr_409 -24951 -16502 -2944 -11041 -108742838 324065879 -3319 9890 0 0
cmr_410 -25327 -6728 -14306 26058 537646286 -563720198 16408 -17203 0 0
cmr_411 5885 4739 -5838 32608 -188885942 164231798 -5764 5012 0 0
cmr_412 8823 31236 21496 -18115 755499348 511620411 23056 15613 0 0
cmr_413 -8686 6757 232 6258 -44300458 -52789364 -1352 -1611 0 0
cmr_414 17927 -22408 23180 19487 852212556 -170073991 26007 -5190 0 0
cmr_415 27130 -15999 21613 -29708 111062398 -1151764427 3389 -32768 0 1
cmr_416 7360 -27740 11684 -8237 -142500140 -384738480 -4349 -11741 0 0
cmr_417 31739 -14026 29291 5034 1000273933 -251061440 30526 -7662 0 0
cmr_418 16350 7270 -16727 -19969 -128311820 -448098440 -3916 -13675 0 0
cmr_419 -18365 -11468 -11104 7627 291391396 -12729183 8893 -388 0 0
cmr_420 2097 4455 15607 -13158 91346769 41936859 2788 1280 0 0
cmr_421 24035 -15812 -16117 32513 126723461 1036291959 3867 31625 0 0
cmr_422 -26459 4973 -30355 -2067 813442136 -96264662 24824 -2938 0 0
cmr_423 15416 19824 -14608 7908 -381965120 -167679264 -11657 -5117 0 0
cmr_424 9840 -13383 17315 28283 548890989 46578075 16751 1421 0 0
cmr_425 5868 5659 -4809 13661 -105526811 52948617 -3220 1616 0 0
cmr_426 24052 -20467 23138 -13306 284181274 -793601358 8673 -24219 0 0
cmr_427 -956 -26403 -1025 32075 847856125 -3600625 25875 -110 0 0
cmr_428 25106 -3655 -17505 3786 -425642700 159032091 -12990 4853 0 0
cmr_429 -27325 31707 -31897 14627 407807236 -1411040954 12445 -32768 0 1
cmr_430 -20474 -3680 24515 24510 -411723310 -592032940 -12565 -18067 0 0
cmr_431 22114 -14246 19270 -17452 177515588 -660453948 5417 -20155 0 0
cmr_432 -16261 27340 18992 -5955 -146019212 616075535 -4456 18801 0 0
cmr_433 -19340 10519 13903 -13012 -132010792 397897737 -4029 12143 0 0
cmr_434 -15483 16265 -31979 24071 103616042 -892829728 3162 -27247 0 0
cmr_435 22347 22239 -30265 8007 -854399628 -494130906 -26074 -15080 0 0
cmr_436 19415 -6458 -21369 28703 -229515161 695269747 -7004 21218 0 0
cmr_437 14858 2561 -30156 5571 -462325179 5544402 -14109 169 0 0
cmr_438 3927 9980 -14342 21097 -266869094 -60285241 -8144 -1840 0 0
cmr_439 -20816 -12325 -32329 20614 927028014 -30646099 28291 -935 0 0
cmr_440 -29928 -15427 6958 17239 57707029 -623269858 1761 -19021 0 0
cmr_441 15334 -11833 14600 -23532 -54577756 -533601488 -1666 -16284 0 0
cmr_442 -9931 7014 -10358 -25538 281988830 180966866 8606 5523 0 0
cmr_443 -10043 17957 16701 7610 -304380913 223472627 -9289 6820 0 0
cmr_444 -3603 4467 -17007 -27682 184931715 23767977 5644 725 0 0
cmr_445 -13540 -1255 20520 -18483 -301036965 224507220 -9187 6851 0 0
cmr_446 32298 28152 16955 -22644 1185086478 -254038752 32767 -7753 2 0
cmr_447 -22170 10458 14180 -18425 -121681950 556776690 -3713 16991 0 0
cmr_448 -14912 -6155 -18665 -29641 95892125 556889667 2926 16995 0 0
cmr_449 12164 -8717 -7318 -31016 -359382624 -313487618 -10967 -9567 0 0
cmr_450 -61 22589 -13736 29827 -672924207 -312101951 -20536 -9525 0 0
cmr_451 -32287 -30367 -10385 -19501 -256886372 944990082 -7840 28839 0 0
cmr_452 21306 12281 30335 12298 495285772 634565323 15115 19365 0 0
cmr_453 7370 -12122 22223 28644 511006078 -58280926 15595 -1779 0 0
cmr_454 -2142 17278 26468 8615 -205544426 438860774 -6273 13393 0 0
cmr_455 31532 -18402 20058 6077 744297810 -177487352 22714 -5416 0 0
cmr_456 11767 19381 2122 -19087 394894721 -183470247 12051 -5599 0 0
cmr_457 -27678 3838 -19811 -7729 577992760 137888644 17639 4208 0 0
cmr_458 -11318 9310 -24323 -16898 432608094 -35195566 13202 -1074 0 0
cmr_459 -1292 24221 15399 -30720 724173612 412669419 22100 12594 0 0
cmr_460 31211 -10107 22394 21621 917462581 448476873 27999 13686 0 0
cmr_461 7245 12849 19774 -15099 337269681 144683871 10293 4415 0 0
cmr_462 -1687 12391 8746 20596 -269959538 73626234 -8239 2247 0 0
cmr_463 -15494 20631 -13826 -31211 858134185 198339028 26188 6053 0 0
cmr_464 5242 14223 30934 -26552 539805124 300788698 16474 9179 0 0
cmr_465 22410 6692 -4706 1824 -117667668 9383288 -3591 286 0 0
cmr_466 -32037 -18239 1051 -24369 -478137078 761540464 -14592 23240 0 0
cmr_467 -25673 14172 24502 -26304 -256259558 1022544936 -7820 31206 0 0
cmr_468 -18886 -25033 8477 24907 463400309 -682598343 14142 -20831 0 0
cmr_469 -15045 -26527 5449 -5527 -228594934 -61391908 -6976 -1874 0 0
cmr_470 6060 -13971 15364 -29282 -315992982 -392099364 -9643 -11966 0 0
cmr_471 -6653 -12954 2809 -20065 -278610287 97104659 -8503 2963 0 0
cmr_472 30216 -3235 24581 -25573 660010841 -852233303 20142 -26008 0 0
cmr_473 1832 1080 5246 -289 9922792 5136232 303 157 0 0
cmr_474 16313 -6384 7534 -12782 41301854 -256609822 1260 -7831 0 0
cmr_475 -805 -29330 -4860 -24807 -723677010 162513435 -22085 4960 0 0
cmr_476 -3005 2440 -20474 -14528 96972690 -6299920 2959 -192 0 0
cmr_477 -24564 3391 -28777 -27598 800463046 580334465 24428 17710 0 0
cmr_478 12402 30674 -14242 18225 -735662934 -210832658 -22451 -6434 0 0
cmr_479 2420 -1477 32484 -2936 74274808 -55083988 2267 -1681 0 0
cmr_480 2251 31621 -22885 -18991 549000276 -766395326 16754 -23389 0 0
cmr_481 3378 4485 -21667 -24519 36776589 -180001677 1122 -5493 0 0
cmr_482 18766 25753 22557 -10709 699093539 379945327 21335 11595 0 0
cmr_483 25595 4870 -18018 -18221 -372434440 -554114155 -11366 -16910 0 0
cmr_484 -30125 27321 -29059 -10009 1148858264 -492399814 32767 -15027 2 0
cmr_485 31311 -5494 6821 -6389 178471165 -237520553 5447 -7249 0 0
cmr_486 32591 24679 28393 13804 584687347 1150597011 17843 32767 0 2
cmr_487 31028 -15791 -1990 2632 -20183808 113089786 -616 3451 0 0
cmr_488 31013 -17968 27090 21452 1225591706 178537756 32767 5449 2 0
cmr_489 -14448 21687 29479 -23269 78722211 975501585 2402 29770 0 0
cmr_490 -22206 -28627 9314 20636 383920088 -724874894 11716 -22121 0 0
cmr_491 -32400 -9388 -6313 -28049 -58782812 968054044 -1794 29543 0 0
cmr_492 22857 -15081 -29074 18149 -390839349 853296687 -11927 26041 0 0
cmr_493 -22302 -32 -10710 -19946 238216148 445178412 7270 13586 0 0
cmr_494 -9219 -20701 25985 -17768 -607371083 -374112293 -18535 -11417 0 0
cmr_495 -20016 27547 23372 -4971 -330877815 743328020 -10098 22685 0 0
cmr_496 23391 -19890 -7064 15636 145766016 506244636 4448 15449 0 0
cmr_497 -10156 27222 -3309 -7181 229087386 -17147362 6991 -523 0 0
cmr_498 -30367 3857 -7750 22987 146683391 -727937979 4476 -22215 0 0
cmr_499 11793 -8675 -31781 26485 -145035958 588037780 -4426 17945 0 0
cmr_500 -25726 16764 -1046 -26982 479235644 676603788 14625 20648 0 0
cmr_501 -8644 30207 -31343 -10998 603145478 -851711289 18407 -25992 0 0
cmr_502 1411 -23678 16566 -27987 -639301560 -431739405 -19510 -13176 0 0
cmr_503 16191 -30056 6329 -29897 -796111393 -674286751 -24295 -20578 0 0
cmr_504 -21335 -31882 24436 -13885 -964023630 -482832077 -29420 -14735 0 0
cmr_505 -441 1201 21213 1226 -10827359 24936147 -330 761 0 0
cmr_506 -30908 -31876 8388 10682 81243128 -597535144 2479 -18235 0 0
cmr_507 4670 -28530 -20636 30929 786034250 733183510 23988 22375 0 0
cmr_508 -18663 25838 2585 23592 -657813951 -373506266 -20075 -11399 0 0
cmr_509 11647 17750 -4794 -6104 52510282 -156186788 1602 -4766 0 0
cmr_510 19521 -29359 -17257 -27939 -1157134998 -38748956 -32768 -1183 1 0
cmr_511 22258 -1870 -11057 -24425 -291781456 -522975060 -8904 -15960 0 0
