# fft vector file
# schema: 1
# kind: fft
# rounding_mode: nearest_even
# seed: 20260726
# count: 36
# fft_size: 64
# spc: 2
# stages: 6
# twiddle_digest: c756048fbc00d64f
# generator: model/python/gen_fft_vectors.py
# reference: model/python/fxp_reference.py (NumPy, independent)
# columns(record): vec <id> <scale_sched_hex> <reorder> <stage_flags_hex>
# columns(sample): s <i> <in_re> <in_im> <out_re> <out_im>
# stage_flags packs one {sat_pos<<1|sat_neg} field per butterfly
# sub-stage, sub-stage g at bits [2g+1:2g]
# samples are in BEAT ORDER: beat b slot p is index b*spc + p
vec imp_0 ffffffff 1 00000
s 0 32767 0 512 0
s 1 0 0 512 0
s 2 0 0 512 0
s 3 0 0 512 0
s 4 0 0 512 0
s 5 0 0 512 0
s 6 0 0 512 0
s 7 0 0 512 0
s 8 0 0 512 0
s 9 0 0 512 0
s 10 0 0 512 0
s 11 0 0 512 0
s 12 0 0 512 0
s 13 0 0 512 0
s 14 0 0 512 0
s 15 0 0 512 0
s 16 0 0 512 0
s 17 0 0 512 0
s 18 0 0 512 0
s 19 0 0 512 0
s 20 0 0 512 0
s 21 0 0 512 0
s 22 0 0 512 0
s 23 0 0 512 0
s 24 0 0 512 0
s 25 0 0 512 0
s 26 0 0 512 0
s 27 0 0 512 0
s 28 0 0 512 0
s 29 0 0 512 0
s 30 0 0 512 0
s 31 0 0 512 0
s 32 0 0 512 0
s 33 0 0 512 0
s 34 0 0 512 0
s 35 0 0 512 0
s 36 0 0 512 0
s 37 0 0 512 0
s 38 0 0 512 0
s 39 0 0 512 0
s 40 0 0 512 0
s 41 0 0 512 0
s 42 0 0 512 0
s 43 0 0 512 0
s 44 0 0 512 0
s 45 0 0 512 0
s 46 0 0 512 0
s 47 0 0 512 0
s 48 0 0 512 0
s 49 0 0 512 0
s 50 0 0 512 0
s 51 0 0 512 0
s 52 0 0 512 0
s 53 0 0 512 0
s 54 0 0 512 0
s 55 0 0 512 0
s 56 0 0 512 0
s 57 0 0 512 0
s 58 0 0 512 0
s 59 0 0 512 0
s 60 0 0 512 0
s 61 0 0 512 0
s 62 0 0 512 0
s 63 0 0 512 0
vec imp_1 ffffffff 1 00000
s 0 0 0 512 0
s 1 32767 0 -512 0
s 2 0 0 510 -50
s 3 0 0 -510 50
s 4 0 0 502 -100
s 5 0 0 -502 100
s 6 0 0 490 -148
s 7 0 0 -490 148
s 8 0 0 473 -196
s 9 0 0 -473 196
s 10 0 0 452 -242
s 11 0 0 -452 242
s 12 0 0 426 -284
s 13 0 0 -426 284
s 14 0 0 396 -325
s 15 0 0 -396 325
s 16 0 0 362 -362
s 17 0 0 -362 362
s 18 0 0 325 -396
s 19 0 0 -325 396
s 20 0 0 284 -426
s 21 0 0 -284 426
s 22 0 0 242 -452
s 23 0 0 -242 452
s 24 0 0 196 -473
s 25 0 0 -196 473
s 26 0 0 148 -490
s 27 0 0 -148 490
s 28 0 0 100 -502
s 29 0 0 -100 502
s 30 0 0 50 -510
s 31 0 0 -50 510
s 32 0 0 0 -512
s 33 0 0 0 512
s 34 0 0 -50 -510
s 35 0 0 50 510
s 36 0 0 -100 -502
s 37 0 0 100 502
s 38 0 0 -148 -490
s 39 0 0 148 490
s 40 0 0 -196 -473
s 41 0 0 196 473
s 42 0 0 -242 -452
s 43 0 0 242 452
s 44 0 0 -284 -426
s 45 0 0 284 426
s 46 0 0 -325 -396
s 47 0 0 325 396
s 48 0 0 -362 -362
s 49 0 0 362 362
s 50 0 0 -396 -325
s 51 0 0 396 325
s 52 0 0 -426 -284
s 53 0 0 426 284
s 54 0 0 -452 -242
s 55 0 0 452 242
s 56 0 0 -473 -196
s 57 0 0 473 196
s 58 0 0 -490 -148
s 59 0 0 490 148
s 60 0 0 -502 -100
s 61 0 0 502 100
s 62 0 0 -510 -50
s 63 0 0 510 50
vec imp_3 ffffffff 1 00000
s 0 0 0 512 0
s 1 0 0 -512 0
s 2 0 0 490 -148
s 3 32767 0 -490 148
s 4 0 0 426 -284
s 5 0 0 -426 284
s 6 0 0 325 -396
s 7 0 0 -325 396
s 8 0 0 196 -473
s 9 0 0 -196 473
s 10 0 0 50 -510
s 11 0 0 -50 510
s 12 0 0 -100 -502
s 13 0 0 100 502
s 14 0 0 -241 -452
s 15 0 0 241 452
s 16 0 0 -362 -362
s 17 0 0 362 362
s 18 0 0 -452 -241
s 19 0 0 452 241
s 20 0 0 -502 -100
s 21 0 0 502 100
s 22 0 0 -510 50
s 23 0 0 510 -50
s 24 0 0 -473 196
s 25 0 0 473 -196
s 26 0 0 -396 325
s 27 0 0 396 -325
s 28 0 0 -284 426
s 29 0 0 284 -426
s 30 0 0 -148 490
s 31 0 0 148 -490
s 32 0 0 0 512
s 33 0 0 0 -512
s 34 0 0 148 490
s 35 0 0 -148 -490
s 36 0 0 284 426
s 37 0 0 -284 -426
s 38 0 0 396 325
s 39 0 0 -396 -325
s 40 0 0 473 196
s 41 0 0 -473 -196
s 42 0 0 510 50
s 43 0 0 -510 -50
s 44 0 0 502 -100
s 45 0 0 -502 100
s 46 0 0 452 -241
s 47 0 0 -452 241
s 48 0 0 362 -362
s 49 0 0 -362 362
s 50 0 0 241 -452
s 51 0 0 -241 452
s 52 0 0 100 -502
s 53 0 0 -100 502
s 54 0 0 -50 -510
s 55 0 0 50 510
s 56 0 0 -196 -473
s 57 0 0 196 473
s 58 0 0 -325 -396
s 59 0 0 325 396
s 60 0 0 -426 -284
s 61 0 0 426 284
s 62 0 0 -490 -148
s 63 0 0 490 148
vec imp_16 ffffffff 1 00000
s 0 0 0 512 0
s 1 0 0 512 0
s 2 0 0 0 -512
s 3 0 0 0 -512
s 4 0 0 -512 0
s 5 0 0 -512 0
s 6 0 0 0 512
s 7 0 0 0 512
s 8 0 0 512 0
s 9 0 0 512 0
s 10 0 0 0 -512
s 11 0 0 0 -512
s 12 0 0 -512 0
s 13 0 0 -512 0
s 14 0 0 0 512
s 15 0 0 0 512
s 16 32767 0 512 0
s 17 0 0 512 0
s 18 0 0 0 -512
s 19 0 0 0 -512
s 20 0 0 -512 0
s 21 0 0 -512 0
s 22 0 0 0 512
s 23 0 0 0 512
s 24 0 0 512 0
s 25 0 0 512 0
s 26 0 0 0 -512
s 27 0 0 0 -512
s 28 0 0 -512 0
s 29 0 0 -512 0
s 30 0 0 0 512
s 31 0 0 0 512
s 32 0 0 512 0
s 33 0 0 512 0
s 34 0 0 0 -512
s 35 0 0 0 -512
s 36 0 0 -512 0
s 37 0 0 -512 0
s 38 0 0 0 512
s 39 0 0 0 512
s 40 0 0 512 0
s 41 0 0 512 0
s 42 0 0 0 -512
s 43 0 0 0 -512
s 44 0 0 -512 0
s 45 0 0 -512 0
s 46 0 0 0 512
s 47 0 0 0 512
s 48 0 0 512 0
s 49 0 0 512 0
s 50 0 0 0 -512
s 51 0 0 0 -512
s 52 0 0 -512 0
s 53 0 0 -512 0
s 54 0 0 0 512
s 55 0 0 0 512
s 56 0 0 512 0
s 57 0 0 512 0
s 58 0 0 0 -512
s 59 0 0 0 -512
s 60 0 0 -512 0
s 61 0 0 -512 0
s 62 0 0 0 512
s 63 0 0 0 512
vec imp_32 ffffffff 1 00000
s 0 0 0 512 0
s 1 0 0 512 0
s 2 0 0 -512 0
s 3 0 0 -512 0
s 4 0 0 512 0
s 5 0 0 512 0
s 6 0 0 -512 0
s 7 0 0 -512 0
s 8 0 0 512 0
s 9 0 0 512 0
s 10 0 0 -512 0
s 11 0 0 -512 0
s 12 0 0 512 0
s 13 0 0 512 0
s 14 0 0 -512 0
s 15 0 0 -512 0
s 16 0 0 512 0
s 17 0 0 512 0
s 18 0 0 -512 0
s 19 0 0 -512 0
s 20 0 0 512 0
s 21 0 0 512 0
s 22 0 0 -512 0
s 23 0 0 -512 0
s 24 0 0 512 0
s 25 0 0 512 0
s 26 0 0 -512 0
s 27 0 0 -512 0
s 28 0 0 512 0
s 29 0 0 512 0
s 30 0 0 -512 0
s 31 0 0 -512 0
s 32 32767 0 512 0
s 33 0 0 512 0
s 34 0 0 -512 0
s 35 0 0 -512 0
s 36 0 0 512 0
s 37 0 0 512 0
s 38 0 0 -512 0
s 39 0 0 -512 0
s 40 0 0 512 0
s 41 0 0 512 0
s 42 0 0 -512 0
s 43 0 0 -512 0
s 44 0 0 512 0
s 45 0 0 512 0
s 46 0 0 -512 0
s 47 0 0 -512 0
s 48 0 0 512 0
s 49 0 0 512 0
s 50 0 0 -512 0
s 51 0 0 -512 0
s 52 0 0 512 0
s 53 0 0 512 0
s 54 0 0 -512 0
s 55 0 0 -512 0
s 56 0 0 512 0
s 57 0 0 512 0
s 58 0 0 -512 0
s 59 0 0 -512 0
s 60 0 0 512 0
s 61 0 0 512 0
s 62 0 0 -512 0
s 63 0 0 -512 0
vec imp_63 ffffffff 1 00000
s 0 0 0 512 0
s 1 0 0 -512 0
s 2 0 0 510 50
s 3 0 0 -510 -50
s 4 0 0 502 100
s 5 0 0 -502 -100
s 6 0 0 490 148
s 7 0 0 -490 -148
s 8 0 0 473 196
s 9 0 0 -473 -196
s 10 0 0 452 242
s 11 0 0 -452 -242
s 12 0 0 426 284
s 13 0 0 -426 -284
s 14 0 0 396 324
s 15 0 0 -396 -324
s 16 0 0 362 362
s 17 0 0 -362 -362
s 18 0 0 324 396
s 19 0 0 -324 -396
s 20 0 0 284 426
s 21 0 0 -284 -426
s 22 0 0 242 452
s 23 0 0 -242 -452
s 24 0 0 196 473
s 25 0 0 -196 -473
s 26 0 0 148 490
s 27 0 0 -148 -490
s 28 0 0 100 502
s 29 0 0 -100 -502
s 30 0 0 50 510
s 31 0 0 -50 -510
s 32 0 0 0 512
s 33 0 0 0 -512
s 34 0 0 -50 510
s 35 0 0 50 -510
s 36 0 0 -100 502
s 37 0 0 100 -502
s 38 0 0 -148 490
s 39 0 0 148 -490
s 40 0 0 -196 473
s 41 0 0 196 -473
s 42 0 0 -242 452
s 43 0 0 242 -452
s 44 0 0 -284 426
s 45 0 0 284 -426
s 46 0 0 -324 396
s 47 0 0 324 -396
s 48 0 0 -362 362
s 49 0 0 362 -362
s 50 0 0 -396 324
s 51 0 0 396 -324
s 52 0 0 -426 284
s 53 0 0 426 -284
s 54 0 0 -452 242
s 55 0 0 452 -242
s 56 0 0 -473 196
s 57 0 0 473 -196
s 58 0 0 -490 148
s 59 0 0 490 -148
s 60 0 0 -502 100
s 61 0 0 502 -100
s 62 0 0 -510 50
s 63 32767 0 510 -50
vec imp_j_5 ffffffff 1 00000
s 0 0 0 0 512
s 1 0 0 0 -512
s 2 0 0 242 452
s 3 0 0 -242 -452
s 4 0 0 426 284
s 5 0 32767 -426 -284
s 6 0 0 510 50
s 7 0 0 -510 -50
s 8 0 0 473 -196
s 9 0 0 -473 196
s 10 0 0 325 -396
s 11 0 0 -325 396
s 12 0 0 100 -502
s 13 0 0 -100 502
s 14 0 0 -148 -490
s 15 0 0 148 490
s 16 0 0 -362 -362
s 17 0 0 362 362
s 18 0 0 -490 -148
s 19 0 0 490 148
s 20 0 0 -502 100
s 21 0 0 502 -100
s 22 0 0 -396 325
s 23 0 0 396 -325
s 24 0 0 -196 473
s 25 0 0 196 -473
s 26 0 0 50 510
s 27 0 0 -50 -510
s 28 0 0 284 426
s 29 0 0 -284 -426
s 30 0 0 452 242
s 31 0 0 -452 -242
s 32 0 0 512 0
s 33 0 0 -512 0
s 34 0 0 452 -242
s 35 0 0 -452 242
s 36 0 0 284 -426
s 37 0 0 -284 426
s 38 0 0 50 -510
s 39 0 0 -50 510
s 40 0 0 -196 -473
s 41 0 0 196 473
s 42 0 0 -396 -325
s 43 0 0 396 325
s 44 0 0 -502 -100
s 45 0 0 502 100
s 46 0 0 -490 148
s 47 0 0 490 -148
s 48 0 0 -362 362
s 49 0 0 362 -362
s 50 0 0 -148 490
s 51 0 0 148 -490
s 52 0 0 100 502
s 53 0 0 -100 -502
s 54 0 0 325 396
s 55 0 0 -325 -396
s 56 0 0 473 196
s 57 0 0 -473 -196
s 58 0 0 510 -50
s 59 0 0 -510 50
s 60 0 0 426 -284
s 61 0 0 -426 284
s 62 0 0 242 -452
s 63 0 0 -242 452
vec imp_min_2 ffffffff 1 00000
s 0 0 0 -512 0
s 1 0 0 -512 0
s 2 -32768 0 -502 100
s 3 0 0 -502 100
s 4 0 0 -473 196
s 5 0 0 -473 196
s 6 0 0 -426 284
s 7 0 0 -426 284
s 8 0 0 -362 362
s 9 0 0 -362 362
s 10 0 0 -284 426
s 11 0 0 -284 426
s 12 0 0 -196 473
s 13 0 0 -196 473
s 14 0 0 -100 502
s 15 0 0 -100 502
s 16 0 0 0 512
s 17 0 0 0 512
s 18 0 0 100 502
s 19 0 0 100 502
s 20 0 0 196 473
s 21 0 0 196 473
s 22 0 0 284 426
s 23 0 0 284 426
s 24 0 0 362 362
s 25 0 0 362 362
s 26 0 0 426 284
s 27 0 0 426 284
s 28 0 0 473 196
s 29 0 0 473 196
s 30 0 0 502 100
s 31 0 0 502 100
s 32 0 0 512 0
s 33 0 0 512 0
s 34 0 0 502 -100
s 35 0 0 502 -100
s 36 0 0 473 -196
s 37 0 0 473 -196
s 38 0 0 426 -284
s 39 0 0 426 -284
s 40 0 0 362 -362
s 41 0 0 362 -362
s 42 0 0 284 -426
s 43 0 0 284 -426
s 44 0 0 196 -473
s 45 0 0 196 -473
s 46 0 0 100 -502
s 47 0 0 100 -502
s 48 0 0 0 -512
s 49 0 0 0 -512
s 50 0 0 -100 -502
s 51 0 0 -100 -502
s 52 0 0 -196 -473
s 53 0 0 -196 -473
s 54 0 0 -284 -426
s 55 0 0 -284 -426
s 56 0 0 -362 -362
s 57 0 0 -362 -362
s 58 0 0 -426 -284
s 59 0 0 -426 -284
s 60 0 0 -473 -196
s 61 0 0 -473 -196
s 62 0 0 -502 -100
s 63 0 0 -502 -100
vec dc_half ffffffff 1 00000
s 0 16384 0 16384 0
s 1 16384 0 0 0
s 2 16384 0 0 0
s 3 16384 0 0 0
s 4 16384 0 0 0
s 5 16384 0 0 0
s 6 16384 0 0 0
s 7 16384 0 0 0
s 8 16384 0 0 0
s 9 16384 0 0 0
s 10 16384 0 0 0
s 11 16384 0 0 0
s 12 16384 0 0 0
s 13 16384 0 0 0
s 14 16384 0 0 0
s 15 16384 0 0 0
s 16 16384 0 0 0
s 17 16384 0 0 0
s 18 16384 0 0 0
s 19 16384 0 0 0
s 20 16384 0 0 0
s 21 16384 0 0 0
s 22 16384 0 0 0
s 23 16384 0 0 0
s 24 16384 0 0 0
s 25 16384 0 0 0
s 26 16384 0 0 0
s 27 16384 0 0 0
s 28 16384 0 0 0
s 29 16384 0 0 0
s 30 16384 0 0 0
s 31 16384 0 0 0
s 32 16384 0 0 0
s 33 16384 0 0 0
s 34 16384 0 0 0
s 35 16384 0 0 0
s 36 16384 0 0 0
s 37 16384 0 0 0
s 38 16384 0 0 0
s 39 16384 0 0 0
s 40 16384 0 0 0
s 41 16384 0 0 0
s 42 16384 0 0 0
s 43 16384 0 0 0
s 44 16384 0 0 0
s 45 16384 0 0 0
s 46 16384 0 0 0
s 47 16384 0 0 0
s 48 16384 0 0 0
s 49 16384 0 0 0
s 50 16384 0 0 0
s 51 16384 0 0 0
s 52 16384 0 0 0
s 53 16384 0 0 0
s 54 16384 0 0 0
s 55 16384 0 0 0
s 56 16384 0 0 0
s 57 16384 0 0 0
s 58 16384 0 0 0
s 59 16384 0 0 0
s 60 16384 0 0 0
s 61 16384 0 0 0
s 62 16384 0 0 0
s 63 16384 0 0 0
vec dc_max ffffffff 1 00000
s 0 32767 0 32764 0
s 1 32767 0 0 0
s 2 32767 0 0 0
s 3 32767 0 0 0
s 4 32767 0 0 0
s 5 32767 0 0 0
s 6 32767 0 0 0
s 7 32767 0 0 0
s 8 32767 0 0 0
s 9 32767 0 0 0
s 10 32767 0 0 0
s 11 32767 0 0 0
s 12 32767 0 0 0
s 13 32767 0 0 0
s 14 32767 0 0 0
s 15 32767 0 0 0
s 16 32767 0 0 0
s 17 32767 0 0 0
s 18 32767 0 0 0
s 19 32767 0 0 0
s 20 32767 0 0 0
s 21 32767 0 0 0
s 22 32767 0 0 0
s 23 32767 0 0 0
s 24 32767 0 0 0
s 25 32767 0 0 0
s 26 32767 0 0 0
s 27 32767 0 0 0
s 28 32767 0 0 0
s 29 32767 0 0 0
s 30 32767 0 0 0
s 31 32767 0 0 0
s 32 32767 0 0 0
s 33 32767 0 0 0
s 34 32767 0 0 0
s 35 32767 0 0 0
s 36 32767 0 0 0
s 37 32767 0 0 0
s 38 32767 0 0 0
s 39 32767 0 0 0
s 40 32767 0 0 0
s 41 32767 0 0 0
s 42 32767 0 0 0
s 43 32767 0 0 0
s 44 32767 0 0 0
s 45 32767 0 0 0
s 46 32767 0 0 0
s 47 32767 0 0 0
s 48 32767 0 0 0
s 49 32767 0 0 0
s 50 32767 0 0 0
s 51 32767 0 0 0
s 52 32767 0 0 0
s 53 32767 0 0 0
s 54 32767 0 0 0
s 55 32767 0 0 0
s 56 32767 0 0 0
s 57 32767 0 0 0
s 58 32767 0 0 0
s 59 32767 0 0 0
s 60 32767 0 0 0
s 61 32767 0 0 0
s 62 32767 0 0 0
s 63 32767 0 0 0
vec dc_min ffffffff 1 00000
s 0 -32768 0 -32766 0
s 1 -32768 0 0 0
s 2 -32768 0 0 0
s 3 -32768 0 0 0
s 4 -32768 0 0 0
s 5 -32768 0 0 0
s 6 -32768 0 0 0
s 7 -32768 0 0 0
s 8 -32768 0 0 0
s 9 -32768 0 0 0
s 10 -32768 0 0 0
s 11 -32768 0 0 0
s 12 -32768 0 0 0
s 13 -32768 0 0 0
s 14 -32768 0 0 0
s 15 -32768 0 0 0
s 16 -32768 0 0 0
s 17 -32768 0 0 0
s 18 -32768 0 0 0
s 19 -32768 0 0 0
s 20 -32768 0 0 0
s 21 -32768 0 0 0
s 22 -32768 0 0 0
s 23 -32768 0 0 0
s 24 -32768 0 0 0
s 25 -32768 0 0 0
s 26 -32768 0 0 0
s 27 -32768 0 0 0
s 28 -32768 0 0 0
s 29 -32768 0 0 0
s 30 -32768 0 0 0
s 31 -32768 0 0 0
s 32 -32768 0 0 0
s 33 -32768 0 0 0
s 34 -32768 0 0 0
s 35 -32768 0 0 0
s 36 -32768 0 0 0
s 37 -32768 0 0 0
s 38 -32768 0 0 0
s 39 -32768 0 0 0
s 40 -32768 0 0 0
s 41 -32768 0 0 0
s 42 -32768 0 0 0
s 43 -32768 0 0 0
s 44 -32768 0 0 0
s 45 -32768 0 0 0
s 46 -32768 0 0 0
s 47 -32768 0 0 0
s 48 -32768 0 0 0
s 49 -32768 0 0 0
s 50 -32768 0 0 0
s 51 -32768 0 0 0
s 52 -32768 0 0 0
s 53 -32768 0 0 0
s 54 -32768 0 0 0
s 55 -32768 0 0 0
s 56 -32768 0 0 0
s 57 -32768 0 0 0
s 58 -32768 0 0 0
s 59 -32768 0 0 0
s 60 -32768 0 0 0
s 61 -32768 0 0 0
s 62 -32768 0 0 0
s 63 -32768 0 0 0
vec tone_1 ffffffff 1 00000
s 0 29999 0 0 0
s 1 29855 2941 0 0
s 2 29423 5853 29998 0
s 3 28708 8708 0 0
s 4 27717 11481 0 0
s 5 26458 14142 0 0
s 6 24944 16667 0 0
s 7 23190 19032 0 0
s 8 21213 21213 0 0
s 9 19032 23190 0 0
s 10 16667 24944 0 0
s 11 14142 26458 0 0
s 12 11481 27717 0 0
s 13 8708 28708 0 0
s 14 5853 29423 0 0
s 15 2941 29855 0 0
s 16 0 29999 0 0
s 17 -2941 29855 0 0
s 18 -5853 29423 0 0
s 19 -8708 28708 0 0
s 20 -11481 27717 0 0
s 21 -14142 26458 0 0
s 22 -16667 24944 0 0
s 23 -19032 23190 0 0
s 24 -21213 21213 0 0
s 25 -23190 19032 0 0
s 26 -24944 16667 0 0
s 27 -26458 14142 0 0
s 28 -27717 11481 0 0
s 29 -28708 8708 0 0
s 30 -29423 5853 0 0
s 31 -29855 2941 0 0
s 32 -30000 0 0 0
s 33 -29855 -2941 0 0
s 34 -29423 -5853 0 0
s 35 -28708 -8708 0 0
s 36 -27717 -11481 0 0
s 37 -26458 -14142 0 0
s 38 -24944 -16667 0 0
s 39 -23190 -19032 0 0
s 40 -21213 -21213 0 0
s 41 -19032 -23190 0 0
s 42 -16667 -24944 0 0
s 43 -14142 -26458 0 0
s 44 -11481 -27717 0 0
s 45 -8708 -28708 0 0
s 46 -5853 -29423 0 0
s 47 -2941 -29855 0 0
s 48 0 -29999 0 0
s 49 2941 -29855 0 0
s 50 5853 -29423 0 0
s 51 8708 -28708 0 0
s 52 11481 -27717 0 0
s 53 14142 -26458 0 0
s 54 16667 -24944 0 0
s 55 19032 -23190 0 0
s 56 21213 -21213 0 0
s 57 23190 -19032 0 0
s 58 24944 -16667 0 0
s 59 26458 -14142 0 0
s 60 27717 -11481 0 0
s 61 28708 -8708 0 0
s 62 29423 -5853 0 0
s 63 29855 -2941 0 0
vec tone_2 ffffffff 1 00000
s 0 29999 0 0 0
s 1 29423 5853 0 0
s 2 27717 11481 0 0
s 3 24944 16667 0 0
s 4 21213 21213 29998 0
s 5 16667 24944 0 0
s 6 11481 27717 0 0
s 7 5853 29423 0 0
s 8 0 29999 0 0
s 9 -5853 29423 0 0
s 10 -11481 27717 0 0
s 11 -16667 24944 0 0
s 12 -21213 21213 0 0
s 13 -24944 16667 0 0
s 14 -27717 11481 0 0
s 15 -29423 5853 0 0
s 16 -30000 0 0 0
s 17 -29423 -5853 0 0
s 18 -27717 -11481 0 0
s 19 -24944 -16667 0 0
s 20 -21213 -21213 0 0
s 21 -16667 -24944 0 0
s 22 -11481 -27717 0 0
s 23 -5853 -29423 0 0
s 24 0 -29999 0 0
s 25 5853 -29423 0 0
s 26 11481 -27717 0 0
s 27 16667 -24944 0 0
s 28 21213 -21213 0 0
s 29 24944 -16667 0 0
s 30 27717 -11481 0 0
s 31 29423 -5853 0 0
s 32 29999 0 0 0
s 33 29423 5853 0 0
s 34 27717 11481 0 0
s 35 24944 16667 0 0
s 36 21213 21213 0 0
s 37 16667 24944 0 0
s 38 11481 27717 0 0
s 39 5853 29423 0 0
s 40 0 29999 0 0
s 41 -5853 29423 0 0
s 42 -11481 27717 0 0
s 43 -16667 24944 0 0
s 44 -21213 21213 0 0
s 45 -24944 16667 0 0
s 46 -27717 11481 0 0
s 47 -29423 5853 0 0
s 48 -30000 0 0 0
s 49 -29423 -5853 0 0
s 50 -27717 -11481 0 0
s 51 -24944 -16667 0 0
s 52 -21213 -21213 0 0
s 53 -16667 -24944 0 0
s 54 -11481 -27717 0 0
s 55 -5853 -29423 0 0
s 56 0 -29999 0 0
s 57 5853 -29423 0 0
s 58 11481 -27717 0 0
s 59 16667 -24944 0 0
s 60 21213 -21213 0 0
s 61 24944 -16667 0 0
s 62 27717 -11481 0 0
s 63 29423 -5853 0 0
vec tone_5 ffffffff 1 00000
s 0 29999 0 0 0
s 1 26458 14142 0 0
s 2 16667 24944 0 0
s 3 2941 29855 0 0
s 4 -11481 27717 0 0
s 5 -23190 19032 0 0
s 6 -29423 5853 0 0
s 7 -28708 -8708 0 0
s 8 -21213 -21213 0 0
s 9 -8708 -28708 0 0
s 10 5853 -29423 30000 0
s 11 19032 -23190 0 0
s 12 27717 -11481 0 0
s 13 29855 2941 0 0
s 14 24944 16667 0 0
s 15 14142 26458 0 0
s 16 0 29999 0 0
s 17 -14142 26458 0 0
s 18 -24944 16667 0 0
s 19 -29855 2941 0 0
s 20 -27717 -11481 0 0
s 21 -19032 -23190 0 0
s 22 -5853 -29423 0 0
s 23 8708 -28708 0 0
s 24 21213 -21213 0 0
s 25 28708 -8708 0 0
s 26 29423 5853 0 0
s 27 23190 19032 0 0
s 28 11481 27717 0 0
s 29 -2941 29855 0 0
s 30 -16667 24944 0 0
s 31 -26458 14142 0 0
s 32 -30000 0 0 0
s 33 -26458 -14142 0 0
s 34 -16667 -24944 0 0
s 35 -2941 -29855 0 0
s 36 11481 -27717 0 0
s 37 23190 -19032 0 0
s 38 29423 -5853 0 0
s 39 28708 8708 0 0
s 40 21213 21213 0 0
s 41 8708 28708 0 0
s 42 -5853 29423 0 0
s 43 -19032 23190 0 0
s 44 -27717 11481 0 0
s 45 -29855 -2941 0 0
s 46 -24944 -16667 0 0
s 47 -14142 -26458 0 0
s 48 0 -29999 0 0
s 49 14142 -26458 0 0
s 50 24944 -16667 0 0
s 51 29855 -2941 0 0
s 52 27717 11481 0 0
s 53 19032 23190 0 0
s 54 5853 29423 0 0
s 55 -8708 28708 0 0
s 56 -21213 21213 0 0
s 57 -28708 8708 0 0
s 58 -29423 -5853 0 0
s 59 -23190 -19032 0 0
s 60 -11481 -27717 0 0
s 61 2941 -29855 0 0
s 62 16667 -24944 0 0
s 63 26458 -14142 0 0
vec tone_16 ffffffff 1 00000
s 0 29999 0 0 0
s 1 0 29999 0 0
s 2 -30000 0 0 0
s 3 0 -29999 0 0
s 4 29999 0 0 0
s 5 0 29999 0 0
s 6 -30000 0 0 0
s 7 0 -29999 0 0
s 8 29999 0 0 0
s 9 0 29999 0 0
s 10 -30000 0 0 0
s 11 0 -29999 0 0
s 12 29999 0 0 0
s 13 0 29999 0 0
s 14 -30000 0 0 0
s 15 0 -29999 0 0
s 16 29999 0 0 0
s 17 0 29999 0 0
s 18 -30000 0 0 0
s 19 0 -29999 0 0
s 20 29999 0 0 0
s 21 0 29999 0 0
s 22 -30000 0 0 0
s 23 0 -29999 0 0
s 24 29999 0 0 0
s 25 0 29999 0 0
s 26 -30000 0 0 0
s 27 0 -29999 0 0
s 28 29999 0 0 0
s 29 0 29999 0 0
s 30 -30000 0 0 0
s 31 0 -29999 0 0
s 32 29999 0 29998 0
s 33 0 29999 0 0
s 34 -30000 0 0 0
s 35 0 -29999 0 0
s 36 29999 0 0 0
s 37 0 29999 0 0
s 38 -30000 0 0 0
s 39 0 -29999 0 0
s 40 29999 0 0 0
s 41 0 29999 0 0
s 42 -30000 0 0 0
s 43 0 -29999 0 0
s 44 29999 0 0 0
s 45 0 29999 0 0
s 46 -30000 0 0 0
s 47 0 -29999 0 0
s 48 29999 0 0 0
s 49 0 29999 0 0
s 50 -30000 0 0 0
s 51 0 -29999 0 0
s 52 29999 0 0 0
s 53 0 29999 0 0
s 54 -30000 0 0 0
s 55 0 -29999 0 0
s 56 29999 0 0 0
s 57 0 29999 0 0
s 58 -30000 0 0 0
s 59 0 -29999 0 0
s 60 29999 0 0 0
s 61 0 29999 0 0
s 62 -30000 0 0 0
s 63 0 -29999 0 0
vec tone_31 ffffffff 1 00000
s 0 29999 0 0 0
s 1 -29855 2941 0 0
s 2 29423 -5853 0 0
s 3 -28708 8708 0 0
s 4 27717 -11481 0 0
s 5 -26458 14142 0 0
s 6 24944 -16667 0 0
s 7 -23190 19032 0 0
s 8 21213 -21213 0 0
s 9 -19032 23190 0 0
s 10 16667 -24944 0 0
s 11 -14142 26458 0 0
s 12 11481 -27717 0 0
s 13 -8708 28708 0 0
s 14 5853 -29423 0 0
s 15 -2941 29855 0 0
s 16 0 -29999 0 0
s 17 2941 29855 0 0
s 18 -5853 -29423 0 0
s 19 8708 28708 0 0
s 20 -11481 -27717 0 0
s 21 14142 26458 0 0
s 22 -16667 -24944 0 0
s 23 19032 23190 0 0
s 24 -21213 -21213 0 0
s 25 23190 19032 0 0
s 26 -24944 -16667 0 0
s 27 26458 14142 0 0
s 28 -27717 -11481 0 0
s 29 28708 8708 0 0
s 30 -29423 -5853 0 0
s 31 29855 2941 0 0
s 32 -30000 0 0 0
s 33 29855 -2941 0 0
s 34 -29423 5853 0 0
s 35 28708 -8708 0 0
s 36 -27717 11481 0 0
s 37 26458 -14142 0 0
s 38 -24944 16667 0 0
s 39 23190 -19032 0 0
s 40 -21213 21213 0 0
s 41 19032 -23190 0 0
s 42 -16667 24944 0 0
s 43 14142 -26458 0 0
s 44 -11481 27717 0 0
s 45 8708 -28708 0 0
s 46 -5853 29423 0 0
s 47 2941 -29855 0 0
s 48 0 29999 0 0
s 49 -2941 -29855 0 0
s 50 5853 29423 0 0
s 51 -8708 -28708 0 0
s 52 11481 27717 0 0
s 53 -14142 -26458 0 0
s 54 16667 24944 0 0
s 55 -19032 -23190 0 0
s 56 21213 21213 0 0
s 57 -23190 -19032 0 0
s 58 24944 16667 0 0
s 59 -26458 -14142 0 0
s 60 27717 11481 0 0
s 61 -28708 -8708 0 0
s 62 29423 5853 29998 0
s 63 -29855 -2941 0 0
vec tone_32 ffffffff 1 00000
s 0 29999 0 0 0
s 1 -30000 0 29997 0
s 2 29999 0 0 0
s 3 -30000 0 0 0
s 4 29999 0 0 0
s 5 -30000 0 0 0
s 6 29999 0 0 0
s 7 -30000 0 0 0
s 8 29999 0 0 0
s 9 -30000 0 0 0
s 10 29999 0 0 0
s 11 -30000 0 0 0
s 12 29999 0 0 0
s 13 -30000 0 0 0
s 14 29999 0 0 0
s 15 -30000 0 0 0
s 16 29999 0 0 0
s 17 -30000 0 0 0
s 18 29999 0 0 0
s 19 -30000 0 0 0
s 20 29999 0 0 0
s 21 -30000 0 0 0
s 22 29999 0 0 0
s 23 -30000 0 0 0
s 24 29999 0 0 0
s 25 -30000 0 0 0
s 26 29999 0 0 0
s 27 -30000 0 0 0
s 28 29999 0 0 0
s 29 -30000 0 0 0
s 30 29999 0 0 0
s 31 -30000 0 0 0
s 32 29999 0 0 0
s 33 -30000 0 0 0
s 34 29999 0 0 0
s 35 -30000 0 0 0
s 36 29999 0 0 0
s 37 -30000 0 0 0
s 38 29999 0 0 0
s 39 -30000 0 0 0
s 40 29999 0 0 0
s 41 -30000 0 0 0
s 42 29999 0 0 0
s 43 -30000 0 0 0
s 44 29999 0 0 0
s 45 -30000 0 0 0
s 46 29999 0 0 0
s 47 -30000 0 0 0
s 48 29999 0 0 0
s 49 -30000 0 0 0
s 50 29999 0 0 0
s 51 -30000 0 0 0
s 52 29999 0 0 0
s 53 -30000 0 0 0
s 54 29999 0 0 0
s 55 -30000 0 0 0
s 56 29999 0 0 0
s 57 -30000 0 0 0
s 58 29999 0 0 0
s 59 -30000 0 0 0
s 60 29999 0 0 0
s 61 -30000 0 0 0
s 62 29999 0 0 0
s 63 -30000 0 0 0
vec tone_33 ffffffff 1 00000
s 0 29999 0 0 0
s 1 -29855 -2941 0 0
s 2 29423 5853 0 0
s 3 -28708 -8708 29998 0
s 4 27717 11481 0 0
s 5 -26458 -14142 0 0
s 6 24944 16667 0 0
s 7 -23190 -19032 0 0
s 8 21213 21213 0 0
s 9 -19032 -23190 0 0
s 10 16667 24944 0 0
s 11 -14142 -26458 0 0
s 12 11481 27717 0 0
s 13 -8708 -28708 0 0
s 14 5853 29423 0 0
s 15 -2941 -29855 0 0
s 16 0 29999 0 0
s 17 2941 -29855 0 0
s 18 -5853 29423 0 0
s 19 8708 -28708 0 0
s 20 -11481 27717 0 0
s 21 14142 -26458 0 0
s 22 -16667 24944 0 0
s 23 19032 -23190 0 0
s 24 -21213 21213 0 0
s 25 23190 -19032 0 0
s 26 -24944 16667 0 0
s 27 26458 -14142 0 0
s 28 -27717 11481 0 0
s 29 28708 -8708 0 0
s 30 -29423 5853 0 0
s 31 29855 -2941 0 0
s 32 -30000 0 0 0
s 33 29855 2941 0 0
s 34 -29423 -5853 0 0
s 35 28708 8708 0 0
s 36 -27717 -11481 0 0
s 37 26458 14142 0 0
s 38 -24944 -16667 0 0
s 39 23190 19032 0 0
s 40 -21213 -21213 0 0
s 41 19032 23190 0 0
s 42 -16667 -24944 0 0
s 43 14142 26458 0 0
s 44 -11481 -27717 0 0
s 45 8708 28708 0 0
s 46 -5853 -29423 0 0
s 47 2941 29855 0 0
s 48 0 -29999 0 0
s 49 -2941 29855 0 0
s 50 5853 -29423 0 0
s 51 -8708 28708 0 0
s 52 11481 -27717 0 0
s 53 -14142 26458 0 0
s 54 16667 -24944 0 0
s 55 -19032 23190 0 0
s 56 21213 -21213 0 0
s 57 -23190 19032 0 0
s 58 24944 -16667 0 0
s 59 -26458 14142 0 0
s 60 27717 -11481 0 0
s 61 -28708 8708 0 0
s 62 29423 -5853 0 0
s 63 -29855 2941 0 0
vec negtone_63 ffffffff 1 00000
s 0 29999 0 0 0
s 1 29855 -2941 0 0
s 2 29423 -5853 0 0
s 3 28708 -8708 0 0
s 4 27717 -11481 0 0
s 5 26458 -14142 0 0
s 6 24944 -16667 0 0
s 7 23190 -19032 0 0
s 8 21213 -21213 0 0
s 9 19032 -23190 0 0
s 10 16667 -24944 0 0
s 11 14142 -26458 0 0
s 12 11481 -27717 0 0
s 13 8708 -28708 0 0
s 14 5853 -29423 0 0
s 15 2941 -29855 0 0
s 16 0 -29999 0 0
s 17 -2941 -29855 0 0
s 18 -5853 -29423 0 0
s 19 -8708 -28708 0 0
s 20 -11481 -27717 0 0
s 21 -14142 -26458 0 0
s 22 -16667 -24944 0 0
s 23 -19032 -23190 0 0
s 24 -21213 -21213 0 0
s 25 -23190 -19032 0 0
s 26 -24944 -16667 0 0
s 27 -26458 -14142 0 0
s 28 -27717 -11481 0 0
s 29 -28708 -8708 0 0
s 30 -29423 -5853 0 0
s 31 -29855 -2941 0 0
s 32 -30000 0 0 0
s 33 -29855 2941 0 0
s 34 -29423 5853 0 0
s 35 -28708 8708 0 0
s 36 -27717 11481 0 0
s 37 -26458 14142 0 0
s 38 -24944 16667 0 0
s 39 -23190 19032 0 0
s 40 -21213 21213 0 0
s 41 -19032 23190 0 0
s 42 -16667 24944 0 0
s 43 -14142 26458 0 0
s 44 -11481 27717 0 0
s 45 -8708 28708 0 0
s 46 -5853 29423 0 0
s 47 -2941 29855 0 0
s 48 0 29999 0 0
s 49 2941 29855 0 0
s 50 5853 29423 0 0
s 51 8708 28708 0 0
s 52 11481 27717 0 0
s 53 14142 26458 0 0
s 54 16667 24944 0 0
s 55 19032 23190 0 0
s 56 21213 21213 0 0
s 57 23190 19032 0 0
s 58 24944 16667 0 0
s 59 26458 14142 0 0
s 60 27717 11481 0 0
s 61 28708 8708 0 0
s 62 29423 5853 0 0
s 63 29855 2941 29998 0
vec negtone_61 ffffffff 1 00000
s 0 29999 0 0 0
s 1 28708 -8708 0 0
s 2 24944 -16667 0 0
s 3 19032 -23190 0 0
s 4 11481 -27717 0 0
s 5 2941 -29855 0 0
s 6 -5853 -29423 0 0
s 7 -14142 -26458 0 0
s 8 -21213 -21213 0 0
s 9 -26458 -14142 0 0
s 10 -29423 -5853 0 0
s 11 -29855 2941 0 0
s 12 -27717 11481 0 0
s 13 -23190 19032 0 0
s 14 -16667 24944 0 0
s 15 -8708 28708 0 0
s 16 0 29999 0 0
s 17 8708 28708 0 0
s 18 16667 24944 0 0
s 19 23190 19032 0 0
s 20 27717 11481 0 0
s 21 29855 2941 0 0
s 22 29423 -5853 0 0
s 23 26458 -14142 0 0
s 24 21213 -21213 0 0
s 25 14142 -26458 0 0
s 26 5853 -29423 0 0
s 27 -2941 -29855 0 0
s 28 -11481 -27717 0 0
s 29 -19032 -23190 0 0
s 30 -24944 -16667 0 0
s 31 -28708 -8708 0 0
s 32 -30000 0 0 0
s 33 -28708 8708 0 0
s 34 -24944 16667 0 0
s 35 -19032 23190 0 0
s 36 -11481 27717 0 0
s 37 -2941 29855 0 0
s 38 5853 29423 0 0
s 39 14142 26458 0 0
s 40 21213 21213 0 0
s 41 26458 14142 0 0
s 42 29423 5853 0 0
s 43 29855 -2941 0 0
s 44 27717 -11481 0 0
s 45 23190 -19032 0 0
s 46 16667 -24944 0 0
s 47 8708 -28708 0 0
s 48 0 -29999 0 0
s 49 -8708 -28708 0 0
s 50 -16667 -24944 0 0
s 51 -23190 -19032 0 0
s 52 -27717 -11481 0 0
s 53 -29855 -2941 0 0
s 54 -29423 5853 0 0
s 55 -26458 14142 0 0
s 56 -21213 21213 0 0
s 57 -14142 26458 0 0
s 58 -5853 29423 0 0
s 59 2941 29855 30000 0
s 60 11481 27717 0 0
s 61 19032 23190 0 0
s 62 24944 16667 0 0
s 63 28708 8708 0 0
vec negtone_48 ffffffff 1 00000
s 0 29999 0 0 0
s 1 0 -29999 0 0
s 2 -30000 0 0 0
s 3 0 29999 0 0
s 4 29999 0 0 0
s 5 0 -29999 0 0
s 6 -30000 0 0 0
s 7 0 29999 0 0
s 8 29999 0 0 0
s 9 0 -29999 0 0
s 10 -30000 0 0 0
s 11 0 29999 0 0
s 12 29999 0 0 0
s 13 0 -29999 0 0
s 14 -30000 0 0 0
s 15 0 29999 0 0
s 16 29999 0 0 0
s 17 0 -29999 0 0
s 18 -30000 0 0 0
s 19 0 29999 0 0
s 20 29999 0 0 0
s 21 0 -29999 0 0
s 22 -30000 0 0 0
s 23 0 29999 0 0
s 24 29999 0 0 0
s 25 0 -29999 0 0
s 26 -30000 0 0 0
s 27 0 29999 0 0
s 28 29999 0 0 0
s 29 0 -29999 0 0
s 30 -30000 0 0 0
s 31 0 29999 0 0
s 32 29999 0 0 0
s 33 0 -29999 29998 0
s 34 -30000 0 0 0
s 35 0 29999 0 0
s 36 29999 0 0 0
s 37 0 -29999 0 0
s 38 -30000 0 0 0
s 39 0 29999 0 0
s 40 29999 0 0 0
s 41 0 -29999 0 0
s 42 -30000 0 0 0
s 43 0 29999 0 0
s 44 29999 0 0 0
s 45 0 -29999 0 0
s 46 -30000 0 0 0
s 47 0 29999 0 0
s 48 29999 0 0 0
s 49 0 -29999 0 0
s 50 -30000 0 0 0
s 51 0 29999 0 0
s 52 29999 0 0 0
s 53 0 -29999 0 0
s 54 -30000 0 0 0
s 55 0 29999 0 0
s 56 29999 0 0 0
s 57 0 -29999 0 0
s 58 -30000 0 0 0
s 59 0 29999 0 0
s 60 29999 0 0 0
s 61 0 -29999 0 0
s 62 -30000 0 0 0
s 63 0 29999 0 0
vec two_3_11 ffffffff 1 00000
s 0 27000 0 0 0
s 1 20011 14937 0 0
s 2 5805 18312 0 0
s 3 -2426 10419 0 0
s 4 1148 2771 0 0
s 5 9083 5652 0 0
s 6 8843 17053 15000 0
s 7 -3588 24712 0 0
s 8 -19091 19091 0 0
s 9 -24712 3588 0 0
s 10 -17053 -8843 0 0
s 11 -5652 -9083 0 0
s 12 -2771 -1148 0 0
s 13 -10419 2426 0 0
s 14 -18312 -5805 0 0
s 15 -14937 -20011 0 0
s 16 0 -27000 0 0
s 17 14937 -20011 0 0
s 18 18312 -5805 0 0
s 19 10419 2426 0 0
s 20 2771 -1148 0 0
s 21 5652 -9083 0 0
s 22 17053 -8843 12000 0
s 23 24712 3588 0 0
s 24 19091 19091 0 0
s 25 3588 24712 0 0
s 26 -8843 17053 0 0
s 27 -9083 5652 0 0
s 28 -1148 2771 0 0
s 29 2426 10419 0 0
s 30 -5805 18312 0 0
s 31 -20011 14937 0 0
s 32 -27000 0 0 0
s 33 -20011 -14937 0 0
s 34 -5805 -18312 0 0
s 35 2426 -10419 0 0
s 36 -1148 -2771 0 0
s 37 -9083 -5652 0 0
s 38 -8843 -17053 0 0
s 39 3588 -24712 0 0
s 40 19091 -19091 0 0
s 41 24712 -3588 0 0
s 42 17053 8843 0 0
s 43 5652 9083 0 0
s 44 2771 1148 0 0
s 45 10419 -2426 0 0
s 46 18312 5805 0 0
s 47 14937 20011 0 0
s 48 0 27000 0 0
s 49 -14937 20011 0 0
s 50 -18312 5805 0 0
s 51 -10419 -2426 0 0
s 52 -2771 1148 0 0
s 53 -5652 9083 0 0
s 54 -17053 8843 0 0
s 55 -24712 -3588 0 0
s 56 -19091 -19091 0 0
s 57 -3588 -24712 0 0
s 58 8843 -17053 0 0
s 59 9083 -5652 0 0
s 60 1148 -2771 0 0
s 61 -2426 -10419 0 0
s 62 5805 -18312 0 0
s 63 20011 -14937 0 0
vec two_1_nyq ffffffff 1 00000
s 0 32000 0 0 0
s 1 -77 1568 16000 0
s 2 31692 3122 16000 0
s 3 -689 4645 0 0
s 4 30782 6123 0 0
s 5 -1889 7542 0 0
s 6 29304 8889 0 0
s 7 -3632 10150 0 0
s 8 27313 11313 0 0
s 9 -5850 12368 0 0
s 10 24889 13304 0 0
s 11 -8458 14111 0 0
s 12 22123 14782 0 0
s 13 -11355 15311 0 0
s 14 19122 15692 0 0
s 15 -14432 15923 0 0
s 16 16000 16000 0 0
s 17 -17568 15923 0 0
s 18 12878 15692 0 0
s 19 -20645 15311 0 0
s 20 9877 14782 0 0
s 21 -23542 14111 0 0
s 22 7111 13304 0 0
s 23 -26150 12368 0 0
s 24 4687 11313 0 0
s 25 -28368 10150 0 0
s 26 2696 8889 0 0
s 27 -30111 7542 0 0
s 28 1218 6123 0 0
s 29 -31311 4645 0 0
s 30 308 3122 0 0
s 31 -31923 1568 0 0
s 32 0 0 0 0
s 33 -31923 -1568 0 0
s 34 308 -3122 0 0
s 35 -31311 -4645 0 0
s 36 1218 -6123 0 0
s 37 -30111 -7542 0 0
s 38 2696 -8889 0 0
s 39 -28368 -10150 0 0
s 40 4687 -11313 0 0
s 41 -26150 -12368 0 0
s 42 7111 -13304 0 0
s 43 -23542 -14111 0 0
s 44 9877 -14782 0 0
s 45 -20645 -15311 0 0
s 46 12878 -15692 0 0
s 47 -17568 -15923 0 0
s 48 16000 -16000 0 0
s 49 -14432 -15923 0 0
s 50 19122 -15692 0 0
s 51 -11355 -15311 0 0
s 52 22123 -14782 0 0
s 53 -8458 -14111 0 0
s 54 24889 -13304 0 0
s 55 -5850 -12368 0 0
s 56 27313 -11313 0 0
s 57 -3632 -10150 0 0
s 58 29304 -8889 0 0
s 59 -1889 -7542 0 0
s 60 30782 -6123 0 0
s 61 -689 -4645 0 0
s 62 31692 -3122 0 0
s 63 -77 -1568 0 0
vec two_5_neg5 ffffffff 1 00000
s 0 32000 0 0 0
s 1 28222 0 0 0
s 2 17778 0 0 0
s 3 3136 0 0 0
s 4 -12246 0 0 0
s 5 -24736 0 0 0
s 6 -31384 0 0 0
s 7 -30622 0 0 0
s 8 -22626 0 0 0
s 9 -9290 0 0 0
s 10 6244 0 16000 0
s 11 20300 0 0 0
s 12 29564 0 0 0
s 13 31846 0 0 0
s 14 26608 0 0 0
s 15 15084 0 0 0
s 16 0 0 0 0
s 17 -15084 0 0 0
s 18 -26608 0 0 0
s 19 -31846 0 0 0
s 20 -29564 0 0 0
s 21 -20300 0 0 0
s 22 -6244 0 0 0
s 23 9290 0 0 0
s 24 22626 0 0 0
s 25 30622 0 0 0
s 26 31384 0 0 0
s 27 24736 0 0 0
s 28 12246 0 0 0
s 29 -3136 0 0 0
s 30 -17778 0 0 0
s 31 -28222 0 0 0
s 32 -32000 0 0 0
s 33 -28222 0 0 0
s 34 -17778 0 0 0
s 35 -3136 0 0 0
s 36 12246 0 0 0
s 37 24736 0 0 0
s 38 31384 0 0 0
s 39 30622 0 0 0
s 40 22626 0 0 0
s 41 9290 0 0 0
s 42 -6244 0 0 0
s 43 -20300 0 0 0
s 44 -29564 0 0 0
s 45 -31846 0 0 0
s 46 -26608 0 0 0
s 47 -15084 0 0 0
s 48 0 0 0 0
s 49 15084 0 0 0
s 50 26608 0 0 0
s 51 31846 0 0 0
s 52 29564 0 0 0
s 53 20300 0 0 0
s 54 6244 0 0 0
s 55 -9290 0 16000 0
s 56 -22626 0 0 0
s 57 -30622 0 0 0
s 58 -31384 0 0 0
s 59 -24736 0 0 0
s 60 -12246 0 0 0
s 61 3136 0 0 0
s 62 17778 0 0 0
s 63 28222 0 0 0
vec rand_0 ffffffff 1 00000
s 0 22869 -12891 5116 4127
s 1 -26154 11983 1354 -1030
s 2 -32767 16181 308 230
s 3 -4188 10020 4908 1443
s 4 -16384 -32767 -2614 -580
s 5 18680 -1163 -3388 -4955
s 6 29693 26746 188 -574
s 7 -21692 -1140 220 -6352
s 8 32766 32530 210 271
s 9 -32768 22820 -398 3277
s 10 32766 156 -3264 -1904
s 11 23675 16384 2416 -968
s 12 1 23970 -2133 2161
s 13 -13653 -35 -519 3269
s 14 13496 -2431 3220 1302
s 15 32330 -31041 658 -654
s 16 43 11640 3384 378
s 17 24706 -12068 3120 -166
s 18 27083 16598 -20 4496
s 19 4820 -10425 3374 1972
s 20 -8922 1 2554 458
s 21 11173 16384 2930 2938
s 22 -32768 16384 1742 4386
s 23 -15289 32118 -3322 384
s 24 -4639 16482 5008 1146
s 25 32766 0 1700 -5108
s 26 12206 -23464 637 -626
s 27 -7442 12396 206 1781
s 28 27130 23452 -647 -2165
s 29 22511 4569 3269 -1205
s 30 -32768 -8223 76 420
s 31 3404 -4007 -706 -4520
s 32 0 28711 -156 1452
s 33 27224 -91 -1074 1900
s 34 -121 16384 -1146 1034
s 35 30703 16384 -1280 -4791
s 36 -27914 -22378 360 -2318
s 37 19938 -6727 950 1659
s 38 -1 -31152 551 -4786
s 39 -30633 -5739 1358 -3154
s 40 -1 18871 -1491 2514
s 41 9531 32766 -647 -3424
s 42 32766 -8449 -1020 2118
s 43 -13513 5170 2166 -130
s 44 32391 -5099 627 4676
s 45 -7577 0 578 -4298
s 46 -1 -16384 -764 402
s 47 16384 25559 3404 -1472
s 48 25248 16016 504 2041
s 49 -16384 32766 -338 5011
s 50 32767 31215 2912 -3374
s 51 16384 -29663 1048 -4262
s 52 15023 32766 2622 -3566
s 53 1825 -12205 852 2586
s 54 26317 -21357 -1778 -532
s 55 6781 8593 2270 1865
s 56 19007 -1646 -4543 -1193
s 57 25199 -13420 289 -326
s 58 11611 37 -214 -1201
s 59 -6947 1 -6410 82
s 60 -32768 -26457 -2336 -438
s 61 -29667 21639 -3713 -1180
s 62 2911 -16343 1354 -2324
s 63 18246 23194 -1660 -1092
vec rand_1 ffffffff 1 00000
s 0 -5147 -3356 -2958 972
s 1 -502 -17367 4118 -3572
s 2 -16384 22142 -1379 239
s 3 -2083 -20286 -1172 5669
s 4 23039 20906 -230 2069
s 5 -32768 -16384 1594 72
s 6 -4544 -13804 -4672 -1156
s 7 28648 -26864 819 2183
s 8 1 -16274 -1140 606
s 9 -22777 32766 3520 1555
s 10 26267 -32767 89 1612
s 11 0 11994 2261 1746
s 12 -14290 -16384 -2352 4564
s 13 -1017 31000 -124 -1562
s 14 -13103 1 -1406 -5010
s 15 0 1 666 986
s 16 -1 -24637 -156 -2112
s 17 0 16384 -1044 -2166
s 18 -32768 -20522 4154 -1153
s 19 -5721 -6134 -1746 654
s 20 -20187 -1 -1804 526
s 21 32766 3942 -158 3634
s 22 -30146 4271 -54 -722
s 23 -2111 20733 -1522 3184
s 24 12245 -9403 691 1142
s 25 5466 -7943 -1033 -1206
s 26 -26719 -12483 -3627 555
s 27 -293 -32767 897 3514
s 28 24746 -22753 -2328 1766
s 29 -16384 16384 2676 -8986
s 30 -9569 24911 -5892 3906
s 31 28588 24382 2173 1010
s 32 16384 -18943 2870 -2908
s 33 -32767 18713 914 -2752
s 34 0 16384 -1048 -1065
s 35 -21358 -29357 156 2523
s 36 8370 -16764 1460 79
s 37 -32768 31125 -2004 778
s 38 18364 26790 287 -4271
s 39 -20936 -1 1089 -540
s 40 -7165 1 564 -2398
s 41 722 23840 2682 -2514
s 42 29264 8811 -2236 -3762
s 43 -28520 23740 -550 -558
s 44 -2074 -23236 -5058 -5550
s 45 -16384 101 1366 -1300
s 46 -22614 -6768 3388 -2635
s 47 -21484 -24673 52 613
s 48 32767 -14069 2572 -134
s 49 1307 748 3914 1260
s 50 23293 -9877 814 71
s 51 -14238 29995 -3208 -728
s 52 -5952 17356 -2870 -1258
s 53 21960 -7027 1038 2674
s 54 -24256 17812 -553 -577
s 55 -32767 11246 -1075 1945
s 56 32766 -4598 -2871 -544
s 57 13378 -9511 -1645 -484
s 58 19297 -8694 -2435 1631
s 59 9321 32766 1005 1141
s 60 -16384 0 3120 6206
s 61 -30948 -12757 294 390
s 62 21654 32766 1667 -2768
s 63 -32768 26631 2292 -444
vec rand_2 ffffffff 1 00000
s 0 32326 5843 1961 1588
s 1 -367 32767 6375 8002
s 2 22095 32766 223 2912
s 3 16384 0 -393 -2526
s 4 3517 30264 1688 -1688
s 5 31181 16384 -862 -2675
s 6 -6639 1828 -1506 169
s 7 -32659 -29619 1042 -1241
s 8 32766 24342 3230 -288
s 9 -20004 -30195 2603 1440
s 10 25110 -718 3316 -1706
s 11 -22625 745 1352 -261
s 12 13819 7925 1898 -2293
s 13 -20110 29016 -272 328
s 14 32766 -19351 4067 -1050
s 15 7252 -25003 3208 1166
s 16 -5655 14685 2069 3012
s 17 -21795 31490 4780 -940
s 18 -1572 19962 -1778 -1128
s 19 -11937 -22195 1196 2606
s 20 1 21473 -2460 2090
s 21 -1 -4858 3104 -958
s 22 -16384 24585 -4483 -2911
s 23 -9500 -11433 -787 -3295
s 24 1 -24570 1074 1336
s 25 1325 4994 -2258 1408
s 26 31501 32766 3952 -3914
s 27 -12451 -32768 -1482 1740
s 28 0 -6843 -754 -2794
s 29 -4152 -16132 -5084 -176
s 30 32767 -21469 3530 2642
s 31 21426 1 2058 -2954
s 32 -18062 11681 1232 -1470
s 33 5158 -16811 -3350 2526
s 34 8990 13132 4642 -2359
s 35 0 -32768 -172 4253
s 36 5997 12038 1702 179
s 37 12977 -32767 1748 -146
s 38 29441 1 804 -1058
s 39 -32767 16384 -800 -2418
s 40 -18647 16384 -1796 1742
s 41 9561 -3545 24 -2416
s 42 -1 14895 970 -3440
s 43 -13319 -31528 -748 3581
s 44 11801 32767 1890 308
s 45 -23935 -15388 -1688 1734
s 46 32766 -1 1034 4161
s 47 -14842 29476 272 -1735
s 48 32767 10461 -2173 -1626
s 49 11896 -30934 -2572 356
s 50 -2864 21313 6418 2264
s 51 -16881 5390 -2150 258
s 52 0 0 212 248
s 53 19182 -22527 -2672 1618
s 54 2072 -4159 2528 -4218
s 55 20136 -1 -916 104
s 56 11082 32767 -999 -4933
s 57 -17858 18067 145 929
s 58 -26354 26922 -532 1640
s 59 0 -21505 -1160 4226
s 60 -2210 -18874 -2710 2746
s 61 10262 11112 1047 -426
s 62 3579 -5914 1296 -252
s 63 -32768 -21116 192 1826
vec sat_all_min 00000000 1 00555
s 0 -32768 -32768 -32768 -32768
s 1 -32768 -32768 -1 -1
s 2 -32768 -32768 0 0
s 3 -32768 -32768 0 0
s 4 -32768 -32768 0 0
s 5 -32768 -32768 0 0
s 6 -32768 -32768 0 0
s 7 -32768 -32768 0 0
s 8 -32768 -32768 0 0
s 9 -32768 -32768 0 0
s 10 -32768 -32768 0 0
s 11 -32768 -32768 0 0
s 12 -32768 -32768 0 0
s 13 -32768 -32768 0 0
s 14 -32768 -32768 0 0
s 15 -32768 -32768 0 0
s 16 -32768 -32768 0 0
s 17 -32768 -32768 0 0
s 18 -32768 -32768 0 0
s 19 -32768 -32768 0 0
s 20 -32768 -32768 0 0
s 21 -32768 -32768 0 0
s 22 -32768 -32768 0 0
s 23 -32768 -32768 0 0
s 24 -32768 -32768 0 0
s 25 -32768 -32768 0 0
s 26 -32768 -32768 0 0
s 27 -32768 -32768 0 0
s 28 -32768 -32768 0 0
s 29 -32768 -32768 0 0
s 30 -32768 -32768 0 0
s 31 -32768 -32768 0 0
s 32 -32768 -32768 0 0
s 33 -32768 -32768 0 0
s 34 -32768 -32768 0 0
s 35 -32768 -32768 0 0
s 36 -32768 -32768 0 0
s 37 -32768 -32768 0 0
s 38 -32768 -32768 0 0
s 39 -32768 -32768 0 0
s 40 -32768 -32768 0 0
s 41 -32768 -32768 0 0
s 42 -32768 -32768 0 0
s 43 -32768 -32768 0 0
s 44 -32768 -32768 0 0
s 45 -32768 -32768 0 0
s 46 -32768 -32768 0 0
s 47 -32768 -32768 0 0
s 48 -32768 -32768 0 0
s 49 -32768 -32768 0 0
s 50 -32768 -32768 0 0
s 51 -32768 -32768 0 0
s 52 -32768 -32768 0 0
s 53 -32768 -32768 0 0
s 54 -32768 -32768 0 0
s 55 -32768 -32768 0 0
s 56 -32768 -32768 0 0
s 57 -32768 -32768 0 0
s 58 -32768 -32768 0 0
s 59 -32768 -32768 0 0
s 60 -32768 -32768 0 0
s 61 -32768 -32768 0 0
s 62 -32768 -32768 0 0
s 63 -32768 -32768 0 0
vec sat_all_max 00000000 1 00aaa
s 0 32767 32767 32767 32767
s 1 32767 32767 1 1
s 2 32767 32767 0 0
s 3 32767 32767 0 0
s 4 32767 32767 0 0
s 5 32767 32767 0 0
s 6 32767 32767 0 0
s 7 32767 32767 0 0
s 8 32767 32767 0 0
s 9 32767 32767 0 0
s 10 32767 32767 0 0
s 11 32767 32767 0 0
s 12 32767 32767 0 0
s 13 32767 32767 0 0
s 14 32767 32767 0 0
s 15 32767 32767 0 0
s 16 32767 32767 0 0
s 17 32767 32767 0 0
s 18 32767 32767 0 0
s 19 32767 32767 0 0
s 20 32767 32767 0 0
s 21 32767 32767 0 0
s 22 32767 32767 0 0
s 23 32767 32767 0 0
s 24 32767 32767 0 0
s 25 32767 32767 0 0
s 26 32767 32767 0 0
s 27 32767 32767 0 0
s 28 32767 32767 0 0
s 29 32767 32767 0 0
s 30 32767 32767 0 0
s 31 32767 32767 0 0
s 32 32767 32767 0 0
s 33 32767 32767 0 0
s 34 32767 32767 0 0
s 35 32767 32767 0 0
s 36 32767 32767 0 0
s 37 32767 32767 0 0
s 38 32767 32767 0 0
s 39 32767 32767 0 0
s 40 32767 32767 0 0
s 41 32767 32767 0 0
s 42 32767 32767 0 0
s 43 32767 32767 0 0
s 44 32767 32767 0 0
s 45 32767 32767 0 0
s 46 32767 32767 0 0
s 47 32767 32767 0 0
s 48 32767 32767 0 0
s 49 32767 32767 0 0
s 50 32767 32767 0 0
s 51 32767 32767 0 0
s 52 32767 32767 0 0
s 53 32767 32767 0 0
s 54 32767 32767 0 0
s 55 32767 32767 0 0
s 56 32767 32767 0 0
s 57 32767 32767 0 0
s 58 32767 32767 0 0
s 59 32767 32767 0 0
s 60 32767 32767 0 0
s 61 32767 32767 0 0
s 62 32767 32767 0 0
s 63 32767 32767 0 0
vec sat_alt 00000000 1 00fff
s 0 32767 -32768 0 -2
s 1 -32768 32767 32767 -32768
s 2 32767 -32768 0 0
s 3 -32768 32767 0 0
s 4 32767 -32768 0 0
s 5 -32768 32767 0 0
s 6 32767 -32768 0 0
s 7 -32768 32767 0 0
s 8 32767 -32768 0 0
s 9 -32768 32767 0 0
s 10 32767 -32768 0 0
s 11 -32768 32767 0 0
s 12 32767 -32768 0 0
s 13 -32768 32767 0 0
s 14 32767 -32768 0 0
s 15 -32768 32767 0 0
s 16 32767 -32768 0 0
s 17 -32768 32767 0 0
s 18 32767 -32768 0 0
s 19 -32768 32767 0 0
s 20 32767 -32768 0 0
s 21 -32768 32767 0 0
s 22 32767 -32768 0 0
s 23 -32768 32767 0 0
s 24 32767 -32768 0 0
s 25 -32768 32767 0 0
s 26 32767 -32768 0 0
s 27 -32768 32767 0 0
s 28 32767 -32768 0 0
s 29 -32768 32767 0 0
s 30 32767 -32768 0 0
s 31 -32768 32767 0 0
s 32 32767 -32768 0 0
s 33 -32768 32767 0 0
s 34 32767 -32768 0 0
s 35 -32768 32767 0 0
s 36 32767 -32768 0 0
s 37 -32768 32767 0 0
s 38 32767 -32768 0 0
s 39 -32768 32767 0 0
s 40 32767 -32768 0 0
s 41 -32768 32767 0 0
s 42 32767 -32768 0 0
s 43 -32768 32767 0 0
s 44 32767 -32768 0 0
s 45 -32768 32767 0 0
s 46 32767 -32768 0 0
s 47 -32768 32767 0 0
s 48 32767 -32768 0 0
s 49 -32768 32767 0 0
s 50 32767 -32768 0 0
s 51 -32768 32767 0 0
s 52 32767 -32768 0 0
s 53 -32768 32767 0 0
s 54 32767 -32768 0 0
s 55 -32768 32767 0 0
s 56 32767 -32768 0 0
s 57 -32768 32767 0 0
s 58 32767 -32768 0 0
s 59 -32768 32767 0 0
s 60 32767 -32768 0 0
s 61 -32768 32767 0 0
s 62 32767 -32768 0 0
s 63 -32768 32767 0 0
vec sat_half_split 00000000 1 00ffe
s 0 32767 0 -32 0
s 1 32767 0 0 0
s 2 32767 0 32767 -32768
s 3 32767 0 3370 0
s 4 32767 0 0 0
s 5 32767 0 0 0
s 6 32767 0 32767 -32768
s 7 32767 0 10923 0
s 8 32767 0 0 0
s 9 32767 0 0 0
s 10 32767 0 32767 -32768
s 11 32767 0 19316 0
s 12 32767 0 0 0
s 13 32767 0 0 0
s 14 32767 0 32767 -20784
s 15 32767 0 7436 20786
s 16 32767 0 0 0
s 17 32767 0 0 0
s 18 32767 0 28222 -32768
s 19 32767 0 32767 1
s 20 32767 0 0 0
s 21 32767 0 0 0
s 22 32767 0 32767 -1355
s 23 32767 0 812 32767
s 24 32767 0 0 0
s 25 32767 0 0 0
s 26 32767 0 32767 -31357
s 27 32767 0 23256 31353
s 28 32767 0 0 0
s 29 32767 0 0 0
s 30 32767 0 32767 -32609
s 31 32767 0 29555 32605
s 32 -32768 0 0 0
s 33 -32768 0 0 0
s 34 -32768 0 29553 -32607
s 35 -32768 0 32767 32607
s 36 -32768 0 0 0
s 37 -32768 0 0 0
s 38 -32768 0 23254 -31354
s 39 -32768 0 32767 31354
s 40 -32768 0 0 0
s 41 -32768 0 0 0
s 42 -32768 0 17323 -28894
s 43 -32768 0 32767 28902
s 44 -32768 0 0 0
s 45 -32768 0 0 0
s 46 -32768 0 11978 -25329
s 47 -32768 0 32767 25327
s 48 -32768 0 0 0
s 49 -32768 0 0 0
s 50 -32768 0 28225 -1
s 51 -32768 0 32767 32767
s 52 -32768 0 0 0
s 53 -32768 0 0 0
s 54 -32768 0 19315 -1
s 55 -32768 0 32767 32767
s 56 -32768 0 0 0
s 57 -32768 0 0 0
s 58 -32768 0 10923 -1
s 59 -32768 0 32767 32767
s 60 -32768 0 0 0
s 61 -32768 0 0 0
s 62 -32768 0 3370 -1
s 63 -32768 0 32767 32767
vec sat_late_dc 00000003 1 00aa0
s 0 32767 0 32767 0
s 1 32767 0 1 0
s 2 32767 0 0 0
s 3 32767 0 0 0
s 4 32767 0 0 0
s 5 32767 0 0 0
s 6 32767 0 0 0
s 7 32767 0 0 0
s 8 32767 0 0 0
s 9 32767 0 0 0
s 10 32767 0 0 0
s 11 32767 0 0 0
s 12 32767 0 0 0
s 13 32767 0 0 0
s 14 32767 0 0 0
s 15 32767 0 0 0
s 16 32767 0 0 0
s 17 32767 0 0 0
s 18 32767 0 0 0
s 19 32767 0 0 0
s 20 32767 0 0 0
s 21 32767 0 0 0
s 22 32767 0 0 0
s 23 32767 0 0 0
s 24 32767 0 0 0
s 25 32767 0 0 0
s 26 32767 0 0 0
s 27 32767 0 0 0
s 28 32767 0 0 0
s 29 32767 0 0 0
s 30 32767 0 0 0
s 31 32767 0 0 0
s 32 32767 0 0 0
s 33 32767 0 0 0
s 34 32767 0 0 0
s 35 32767 0 0 0
s 36 32767 0 0 0
s 37 32767 0 0 0
s 38 32767 0 0 0
s 39 32767 0 0 0
s 40 32767 0 0 0
s 41 32767 0 0 0
s 42 32767 0 0 0
s 43 32767 0 0 0
s 44 32767 0 0 0
s 45 32767 0 0 0
s 46 32767 0 0 0
s 47 32767 0 0 0
s 48 32767 0 0 0
s 49 32767 0 0 0
s 50 32767 0 0 0
s 51 32767 0 0 0
s 52 32767 0 0 0
s 53 32767 0 0 0
s 54 32767 0 0 0
s 55 32767 0 0 0
s 56 32767 0 0 0
s 57 32767 0 0 0
s 58 32767 0 0 0
s 59 32767 0 0 0
s 60 32767 0 0 0
s 61 32767 0 0 0
s 62 32767 0 0 0
s 63 32767 0 0 0
vec sat_rand 00000000 1 00fff
s 0 1201 16384 -32768 32766
s 1 32767 0 -25219 32767
s 2 -1 -32768 -32768 -11726
s 3 -12363 -32767 -19490 11724
s 4 -1 32766 -32768 31421
s 5 28800 -1 -7195 28107
s 6 1 32766 32767 31628
s 7 -16384 32766 29016 32767
s 8 -16384 1 -15035 -18980
s 9 -32767 -1 -32768 32767
s 10 0 -32767 -1 -32768
s 11 16384 -27512 -32768 -31702
s 12 1 1 -32768 -25972
s 13 32767 0 8486 -3498
s 14 1 -32767 -32768 -32768
s 15 -32464 16384 0 -19358
s 16 -16384 -32768 -1 -32766
s 17 21020 16384 32767 -32766
s 18 0 32767 -32768 -2219
s 19 16384 0 2237 -32768
s 20 -1 -7263 27242 32767
s 21 20504 32766 -27246 14560
s 22 32767 32766 29241 -19467
s 23 32766 -16384 -32768 7437
s 24 0 -32767 32767 845
s 25 20584 -1 -17590 32767
s 26 32767 32767 5621 14791
s 27 -32767 -16384 -32768 -22675
s 28 -32767 0 -32768 -25857
s 29 -16384 -16384 -29239 25835
s 30 -32767 5926 32767 32767
s 31 -32768 18218 10285 -5768
s 32 0 21961 -32768 -32767
s 33 32767 -32767 16385 32767
s 34 -32767 -1 -15320 -1
s 35 -19418 32767 -32768 32767
s 36 -32768 -32767 -2 -19185
s 37 24421 -32768 32767 18581
s 38 -16384 -32767 25415 -16372
s 39 -32768 32767 -32768 -15102
s 40 -15274 32766 -4853 25968
s 41 1 1 12465 32767
s 42 32766 32767 -32768 10530
s 43 -30527 16384 2 32767
s 44 0 32767 -32768 15058
s 45 16384 3069 24624 32767
s 46 -10450 16384 32767 -32768
s 47 1 -32768 0 -26505
s 48 -1 16384 1804 9722
s 49 -32767 1 -18100 -9726
s 50 -32768 -1 -32768 11790
s 51 32766 32766 -15393 -32768
s 52 -16384 32767 5521 14562
s 53 32767 5110 32767 32767
s 54 0 -16384 -27419 5527
s 55 -1 16384 15859 -32768
s 56 32767 -32767 -7357 -32768
s 57 -16384 -20583 -32768 2006
s 58 32766 -1 -32768 14029
s 59 32767 8659 20199 32767
s 60 16384 32766 18630 -1
s 61 -16384 -1 -6820 -32768
s 62 -32768 -1 32767 -32768
s 63 -16384 -1 28172 5472
vec bitrev_imp_1 ffffffff 0 00000
s 0 0 0 512 0
s 1 32767 0 -512 0
s 2 0 0 0 -512
s 3 0 0 0 512
s 4 0 0 362 -362
s 5 0 0 -362 362
s 6 0 0 -362 -362
s 7 0 0 362 362
s 8 0 0 473 -196
s 9 0 0 -473 196
s 10 0 0 -196 -473
s 11 0 0 196 473
s 12 0 0 196 -473
s 13 0 0 -196 473
s 14 0 0 -473 -196
s 15 0 0 473 196
s 16 0 0 502 -100
s 17 0 0 -502 100
s 18 0 0 -100 -502
s 19 0 0 100 502
s 20 0 0 284 -426
s 21 0 0 -284 426
s 22 0 0 -426 -284
s 23 0 0 426 284
s 24 0 0 426 -284
s 25 0 0 -426 284
s 26 0 0 -284 -426
s 27 0 0 284 426
s 28 0 0 100 -502
s 29 0 0 -100 502
s 30 0 0 -502 -100
s 31 0 0 502 100
s 32 0 0 510 -50
s 33 0 0 -510 50
s 34 0 0 -50 -510
s 35 0 0 50 510
s 36 0 0 325 -396
s 37 0 0 -325 396
s 38 0 0 -396 -325
s 39 0 0 396 325
s 40 0 0 452 -242
s 41 0 0 -452 242
s 42 0 0 -242 -452
s 43 0 0 242 452
s 44 0 0 148 -490
s 45 0 0 -148 490
s 46 0 0 -490 -148
s 47 0 0 490 148
s 48 0 0 490 -148
s 49 0 0 -490 148
s 50 0 0 -148 -490
s 51 0 0 148 490
s 52 0 0 242 -452
s 53 0 0 -242 452
s 54 0 0 -452 -242
s 55 0 0 452 242
s 56 0 0 396 -325
s 57 0 0 -396 325
s 58 0 0 -325 -396
s 59 0 0 325 396
s 60 0 0 50 -510
s 61 0 0 -50 510
s 62 0 0 -510 -50
s 63 0 0 510 50
vec bitrev_tone_5 ffffffff 0 00000
s 0 29999 0 0 0
s 1 26458 14142 0 0
s 2 16667 24944 0 0
s 3 2941 29855 0 0
s 4 -11481 27717 0 0
s 5 -23190 19032 0 0
s 6 -29423 5853 0 0
s 7 -28708 -8708 0 0
s 8 -21213 -21213 0 0
s 9 -8708 -28708 0 0
s 10 5853 -29423 0 0
s 11 19032 -23190 0 0
s 12 27717 -11481 0 0
s 13 29855 2941 0 0
s 14 24944 16667 0 0
s 15 14142 26458 0 0
s 16 0 29999 0 0
s 17 -14142 26458 0 0
s 18 -24944 16667 0 0
s 19 -29855 2941 0 0
s 20 -27717 -11481 0 0
s 21 -19032 -23190 0 0
s 22 -5853 -29423 0 0
s 23 8708 -28708 0 0
s 24 21213 -21213 0 0
s 25 28708 -8708 0 0
s 26 29423 5853 0 0
s 27 23190 19032 0 0
s 28 11481 27717 0 0
s 29 -2941 29855 0 0
s 30 -16667 24944 0 0
s 31 -26458 14142 0 0
s 32 -30000 0 0 0
s 33 -26458 -14142 0 0
s 34 -16667 -24944 0 0
s 35 -2941 -29855 0 0
s 36 11481 -27717 0 0
s 37 23190 -19032 0 0
s 38 29423 -5853 0 0
s 39 28708 8708 0 0
s 40 21213 21213 30000 0
s 41 8708 28708 0 0
s 42 -5853 29423 0 0
s 43 -19032 23190 0 0
s 44 -27717 11481 0 0
s 45 -29855 -2941 0 0
s 46 -24944 -16667 0 0
s 47 -14142 -26458 0 0
s 48 0 -29999 0 0
s 49 14142 -26458 0 0
s 50 24944 -16667 0 0
s 51 29855 -2941 0 0
s 52 27717 11481 0 0
s 53 19032 23190 0 0
s 54 5853 29423 0 0
s 55 -8708 28708 0 0
s 56 -21213 21213 0 0
s 57 -28708 8708 0 0
s 58 -29423 -5853 0 0
s 59 -23190 -19032 0 0
s 60 -11481 -27717 0 0
s 61 2941 -29855 0 0
s 62 16667 -24944 0 0
s 63 26458 -14142 0 0
vec bitrev_rand ffffffff 0 00000
s 0 -5942 -19886 -1558 1783
s 1 -29283 3115 -1670 -785
s 2 8895 18939 1668 -1450
s 3 9672 -25000 2858 -1940
s 4 11990 -24399 2483 -1532
s 5 -10957 -10853 2177 4801
s 6 23650 21810 -635 -1995
s 7 -15500 -24026 -801 1468
s 8 -20056 32767 -1590 -1792
s 9 4028 10511 236 3592
s 10 -21486 0 -2523 -1766
s 11 18021 32767 -3804 186
s 12 -5154 5395 5953 -1488
s 13 -28314 -1241 -2095 -4902
s 14 -24536 9401 398 -2587
s 15 -17767 -1 -4144 1058
s 16 -17716 -7808 -647 -4670
s 17 4830 6329 1581 1157
s 18 -16384 23990 2729 652
s 19 -16384 27661 -2357 34
s 20 3649 -26186 -2552 1592
s 21 32767 -9532 3080 -1054
s 22 -11456 -16384 124 -217
s 23 -20587 24791 4358 2033
s 24 2891 -8387 -98 3574
s 25 17057 -1942 -2944 -1590
s 26 -32768 -656 -1796 -227
s 27 16384 31470 -3600 -2583
s 28 1 17071 -680 1130
s 29 -27448 -27063 -3474 -6020
s 30 -6686 32767 -1234 2644
s 31 -544 3242 -290 -3140
s 32 -15753 -8187 -510 1388
s 33 13529 15198 3476 2064
s 34 -22806 31940 -434 2745
s 35 23146 -27004 -3178 -2111
s 36 -32580 -24372 -258 2518
s 37 9418 20099 -404 3176
s 38 -16384 -32768 -572 392
s 39 -1 8895 758 1340
s 40 32766 24199 1946 20
s 41 30284 -17501 -572 -3341
s 42 27789 1 1170 4838
s 43 18560 19756 -3758 -1352
s 44 19796 4559 244 -1453
s 45 -28624 7458 -187 2945
s 46 155 -28488 1872 -1240
s 47 -32358 -1743 -710 -3624
s 48 27220 6478 4342 -5399
s 49 32766 14494 5199 -3151
s 50 -19147 25958 534 730
s 51 14137 22094 579 2270
s 52 -23329 23248 -296 -598
s 53 9527 30827 4086 2502
s 54 0 32766 -5566 144
s 55 32766 32767 -2374 3680
s 56 32767 -16384 -3086 214
s 57 -20023 -32768 -1148 -4120
s 58 -16477 -16284 -210 2896
s 59 -24089 -32768 276 -6366
s 60 10215 -16384 2966 -330
s 61 -15607 14900 -1686 -1144
s 62 3604 -32767 2794 -138
s 63 4190 -32768 -386 -5348
