# fxp vector file
# schema: 1
# kind: accum
# rounding_mode: nearest_even
# seed: 20260725
# count: 251
# generator: model/python/gen_fxp_vectors.py
# reference: model/python/fxp_reference.py (NumPy, independent)
# columns: id step acc_w x y step_flags sticky_flags count
# one line per accumulate step; step 0 follows a clear
climb_pos_16 0 16 16384 16384 0 0 0
climb_pos_16 1 16 16384 32767 2 2 1
climb_pos_16 2 16 16384 32767 2 2 2
climb_pos_16 3 16 16384 32767 2 2 3
climb_pos_16 4 16 16384 32767 2 2 4
climb_pos_16 5 16 16384 32767 2 2 5
climb_pos_16 6 16 16384 32767 2 2 6
climb_pos_16 7 16 16384 32767 2 2 7
climb_neg_16 0 16 -16384 -16384 0 0 0
climb_neg_16 1 16 -16384 -32768 0 0 0
climb_neg_16 2 16 -16384 -32768 1 1 1
climb_neg_16 3 16 -16384 -32768 1 1 2
climb_neg_16 4 16 -16384 -32768 1 1 3
climb_neg_16 5 16 -16384 -32768 1 1 4
climb_neg_16 6 16 -16384 -32768 1 1 5
climb_neg_16 7 16 -16384 -32768 1 1 6
recover_16 0 16 20000 20000 0 0 0
recover_16 1 16 20000 32767 2 2 1
recover_16 2 16 20000 32767 2 2 2
recover_16 3 16 -20000 12767 0 2 2
recover_16 4 16 -20000 -7233 0 2 2
recover_16 5 16 -20000 -27233 0 2 2
recover_16 6 16 -20000 -32768 1 3 3
recover_16 7 16 -20000 -32768 1 3 4
recover_16 8 16 -20000 -32768 1 3 5
bounce_16 0 16 25000 25000 0 0 0
bounce_16 1 16 -25000 0 0 0 0
bounce_16 2 16 25000 25000 0 0 0
bounce_16 3 16 -25000 0 0 0 0
bounce_16 4 16 25000 25000 0 0 0
bounce_16 5 16 -25000 0 0 0 0
bounce_16 6 16 25000 25000 0 0 0
bounce_16 7 16 -25000 0 0 0 0
bounce_16 8 16 25000 25000 0 0 0
bounce_16 9 16 -25000 0 0 0 0
bounce_16 10 16 25000 25000 0 0 0
bounce_16 11 16 -25000 0 0 0 0
policy_pos_n3_w34 0 34 1073741824 1073741824 0 0 0
policy_pos_n3_w34 1 34 1073741824 2147483648 0 0 0
policy_pos_n3_w34 2 34 1073741824 3221225472 0 0 0
policy_neg_n3_w34 0 34 -1073741824 -1073741824 0 0 0
policy_neg_n3_w34 1 34 -1073741824 -2147483648 0 0 0
policy_neg_n3_w34 2 34 -1073741824 -3221225472 0 0 0
policy_pos_n4_w34 0 34 1073741824 1073741824 0 0 0
policy_pos_n4_w34 1 34 1073741824 2147483648 0 0 0
policy_pos_n4_w34 2 34 1073741824 3221225472 0 0 0
policy_pos_n4_w34 3 34 1073741824 4294967296 0 0 0
policy_neg_n4_w34 0 34 -1073741824 -1073741824 0 0 0
policy_neg_n4_w34 1 34 -1073741824 -2147483648 0 0 0
policy_neg_n4_w34 2 34 -1073741824 -3221225472 0 0 0
policy_neg_n4_w34 3 34 -1073741824 -4294967296 0 0 0
policy_pos_n8_w35 0 35 1073741824 1073741824 0 0 0
policy_pos_n8_w35 1 35 1073741824 2147483648 0 0 0
policy_pos_n8_w35 2 35 1073741824 3221225472 0 0 0
policy_pos_n8_w35 3 35 1073741824 4294967296 0 0 0
policy_pos_n8_w35 4 35 1073741824 5368709120 0 0 0
policy_pos_n8_w35 5 35 1073741824 6442450944 0 0 0
policy_pos_n8_w35 6 35 1073741824 7516192768 0 0 0
policy_pos_n8_w35 7 35 1073741824 8589934592 0 0 0
policy_neg_n8_w35 0 35 -1073741824 -1073741824 0 0 0
policy_neg_n8_w35 1 35 -1073741824 -2147483648 0 0 0
policy_neg_n8_w35 2 35 -1073741824 -3221225472 0 0 0
policy_neg_n8_w35 3 35 -1073741824 -4294967296 0 0 0
policy_neg_n8_w35 4 35 -1073741824 -5368709120 0 0 0
policy_neg_n8_w35 5 35 -1073741824 -6442450944 0 0 0
policy_neg_n8_w35 6 35 -1073741824 -7516192768 0 0 0
policy_neg_n8_w35 7 35 -1073741824 -8589934592 0 0 0
policy_pos_n16_w36 0 36 1073741824 1073741824 0 0 0
policy_pos_n16_w36 1 36 1073741824 2147483648 0 0 0
policy_pos_n16_w36 2 36 1073741824 3221225472 0 0 0
policy_pos_n16_w36 3 36 1073741824 4294967296 0 0 0
policy_pos_n16_w36 4 36 1073741824 5368709120 0 0 0
policy_pos_n16_w36 5 36 1073741824 6442450944 0 0 0
policy_pos_n16_w36 6 36 1073741824 7516192768 0 0 0
policy_pos_n16_w36 7 36 1073741824 8589934592 0 0 0
policy_pos_n16_w36 8 36 1073741824 9663676416 0 0 0
policy_pos_n16_w36 9 36 1073741824 10737418240 0 0 0
policy_pos_n16_w36 10 36 1073741824 11811160064 0 0 0
policy_pos_n16_w36 11 36 1073741824 12884901888 0 0 0
policy_pos_n16_w36 12 36 1073741824 13958643712 0 0 0
policy_pos_n16_w36 13 36 1073741824 15032385536 0 0 0
policy_pos_n16_w36 14 36 1073741824 16106127360 0 0 0
policy_pos_n16_w36 15 36 1073741824 17179869184 0 0 0
policy_neg_n16_w36 0 36 -1073741824 -1073741824 0 0 0
policy_neg_n16_w36 1 36 -1073741824 -2147483648 0 0 0
policy_neg_n16_w36 2 36 -1073741824 -3221225472 0 0 0
policy_neg_n16_w36 3 36 -1073741824 -4294967296 0 0 0
policy_neg_n16_w36 4 36 -1073741824 -5368709120 0 0 0
policy_neg_n16_w36 5 36 -1073741824 -6442450944 0 0 0
policy_neg_n16_w36 6 36 -1073741824 -7516192768 0 0 0
policy_neg_n16_w36 7 36 -1073741824 -8589934592 0 0 0
policy_neg_n16_w36 8 36 -1073741824 -9663676416 0 0 0
policy_neg_n16_w36 9 36 -1073741824 -10737418240 0 0 0
policy_neg_n16_w36 10 36 -1073741824 -11811160064 0 0 0
policy_neg_n16_w36 11 36 -1073741824 -12884901888 0 0 0
policy_neg_n16_w36 12 36 -1073741824 -13958643712 0 0 0
policy_neg_n16_w36 13 36 -1073741824 -15032385536 0 0 0
policy_neg_n16_w36 14 36 -1073741824 -16106127360 0 0 0
policy_neg_n16_w36 15 36 -1073741824 -17179869184 0 0 0
no_growth_32 0 32 1073741824 1073741824 0 0 0
no_growth_32 1 32 1073741824 2147483647 2 2 1
no_growth_32 2 32 1073741824 2147483647 2 2 2
no_growth_32 3 32 1073741824 2147483647 2 2 3
no_growth_32 4 32 1073741824 2147483647 2 2 4
no_growth_32 5 32 1073741824 2147483647 2 2 5
no_growth_32 6 32 1073741824 2147483647 2 2 6
no_growth_32 7 32 1073741824 2147483647 2 2 7
walk_w16 0 16 -3443 -3443 0 0 0
walk_w16 1 16 -11267 -14710 0 0 0
walk_w16 2 16 1425 -13285 0 0 0
walk_w16 3 16 10487 -2798 0 0 0
walk_w16 4 16 -8198 -10996 0 0 0
walk_w16 5 16 6356 -4640 0 0 0
walk_w16 6 16 9513 4873 0 0 0
walk_w16 7 16 4276 9149 0 0 0
walk_w16 8 16 -9558 -409 0 0 0
walk_w16 9 16 -2350 -2759 0 0 0
walk_w16 10 16 1134 -1625 0 0 0
walk_w16 11 16 8694 7069 0 0 0
walk_w16 12 16 -11850 -4781 0 0 0
walk_w16 13 16 5231 450 0 0 0
walk_w16 14 16 -5339 -4889 0 0 0
walk_w16 15 16 -8169 -13058 0 0 0
walk_w16 16 16 -7028 -20086 0 0 0
walk_w16 17 16 1761 -18325 0 0 0
walk_w16 18 16 8732 -9593 0 0 0
walk_w16 19 16 -7861 -17454 0 0 0
walk_w16 20 16 -7866 -25320 0 0 0
walk_w16 21 16 -10057 -32768 1 1 1
walk_w16 22 16 -7160 -32768 1 1 2
walk_w16 23 16 15447 -17321 0 1 2
walk_w20 0 20 -140779 -140779 0 0 0
walk_w20 1 20 87531 -53248 0 0 0
walk_w20 2 20 52735 -513 0 0 0
walk_w20 3 20 126034 125521 0 0 0
walk_w20 4 20 199871 325392 0 0 0
walk_w20 5 20 45601 370993 0 0 0
walk_w20 6 20 -144093 226900 0 0 0
walk_w20 7 20 -260535 -33635 0 0 0
walk_w20 8 20 240160 206525 0 0 0
walk_w20 9 20 79631 286156 0 0 0
walk_w20 10 20 85479 371635 0 0 0
walk_w20 11 20 97936 469571 0 0 0
walk_w20 12 20 66712 524287 2 2 1
walk_w20 13 20 131763 524287 2 2 2
walk_w20 14 20 -206560 317727 0 2 2
walk_w20 15 20 -132493 185234 0 2 2
walk_w20 16 20 -54949 130285 0 2 2
walk_w20 17 20 -255840 -125555 0 2 2
walk_w20 18 20 254560 129005 0 2 2
walk_w20 19 20 -228842 -99837 0 2 2
walk_w20 20 20 -191560 -291397 0 2 2
walk_w20 21 20 77601 -213796 0 2 2
walk_w20 22 20 91557 -122239 0 2 2
walk_w20 23 20 -130972 -253211 0 2 2
walk_w24 0 24 -2257893 -2257893 0 0 0
walk_w24 1 24 -1590116 -3848009 0 0 0
walk_w24 2 24 -781351 -4629360 0 0 0
walk_w24 3 24 -2565817 -7195177 0 0 0
walk_w24 4 24 -3683575 -8388608 1 1 1
walk_w24 5 24 -1172505 -8388608 1 1 2
walk_w24 6 24 -1566803 -8388608 1 1 3
walk_w24 7 24 -2976100 -8388608 1 1 4
walk_w24 8 24 -1547485 -8388608 1 1 5
walk_w24 9 24 -2572822 -8388608 1 1 6
walk_w24 10 24 4083999 -4304609 0 1 6
walk_w24 11 24 2490523 -1814086 0 1 6
walk_w24 12 24 3698638 1884552 0 1 6
walk_w24 13 24 2926061 4810613 0 1 6
walk_w24 14 24 2509772 7320385 0 1 6
walk_w24 15 24 -2140683 5179702 0 1 6
walk_w24 16 24 2860226 8039928 0 1 6
walk_w24 17 24 3459990 8388607 2 3 7
walk_w24 18 24 -3040609 5347998 0 3 7
walk_w24 19 24 -262565 5085433 0 3 7
walk_w24 20 24 135205 5220638 0 3 7
walk_w24 21 24 1696356 6916994 0 3 7
walk_w24 22 24 1106419 8023413 0 3 7
walk_w24 23 24 1374486 8388607 2 3 8
walk_w32 0 32 -647476760 -647476760 0 0 0
walk_w32 1 32 -688654281 -1336131041 0 0 0
walk_w32 2 32 590696521 -745434520 0 0 0
walk_w32 3 32 -400860666 -1146295186 0 0 0
walk_w32 4 32 787850533 -358444653 0 0 0
walk_w32 5 32 -371671542 -730116195 0 0 0
walk_w32 6 32 8558886 -721557309 0 0 0
walk_w32 7 32 -592641879 -1314199188 0 0 0
walk_w32 8 32 784414182 -529785006 0 0 0
walk_w32 9 32 285193935 -244591071 0 0 0
walk_w32 10 32 769982287 525391216 0 0 0
walk_w32 11 32 -807657736 -282266520 0 0 0
walk_w32 12 32 358316693 76050173 0 0 0
walk_w32 13 32 -936843599 -860793426 0 0 0
walk_w32 14 32 1042346620 181553194 0 0 0
walk_w32 15 32 -185188213 -3635019 0 0 0
walk_w32 16 32 -178725777 -182360796 0 0 0
walk_w32 17 32 171946426 -10414370 0 0 0
walk_w32 18 32 -407947460 -418361830 0 0 0
walk_w32 19 32 -319517541 -737879371 0 0 0
walk_w32 20 32 639435848 -98443523 0 0 0
walk_w32 21 32 577958281 479514758 0 0 0
walk_w32 22 32 -1054588059 -575073301 0 0 0
walk_w32 23 32 55399172 -519674129 0 0 0
walk_w35 0 35 5193532943 5193532943 0 0 0
walk_w35 1 35 7343599682 12537132625 0 0 0
walk_w35 2 35 7618457382 17179869183 2 2 1
walk_w35 3 35 -4054687953 13125181230 0 2 1
walk_w35 4 35 -2563277496 10561903734 0 2 1
walk_w35 5 35 -7067226741 3494676993 0 2 1
walk_w35 6 35 8284305297 11778982290 0 2 1
walk_w35 7 35 5837062535 17179869183 2 2 2
walk_w35 8 35 8069362671 17179869183 2 2 3
walk_w35 9 35 2372216951 17179869183 2 2 4
walk_w35 10 35 388212386 17179869183 2 2 5
walk_w35 11 35 -5203118764 11976750419 0 2 5
walk_w35 12 35 4887744771 16864495190 0 2 5
walk_w35 13 35 -7744408287 9120086903 0 2 5
walk_w35 14 35 3524672695 12644759598 0 2 5
walk_w35 15 35 3484741251 16129500849 0 2 5
walk_w35 16 35 6632912936 17179869183 2 2 6
walk_w35 17 35 3885499599 17179869183 2 2 7
walk_w35 18 35 8292403722 17179869183 2 2 8
walk_w35 19 35 -8551478538 8628390645 0 2 8
walk_w35 20 35 -4338584146 4289806499 0 2 8
walk_w35 21 35 1157639566 5447446065 0 2 8
walk_w35 22 35 -3319943350 2127502715 0 2 8
walk_w35 23 35 -7268984466 -5141481751 0 2 8
walk_w40 0 40 261181186034 261181186034 0 0 0
walk_w40 1 40 26793679229 287974865263 0 0 0
walk_w40 2 40 179369505371 467344370634 0 0 0
walk_w40 3 40 175237918414 549755813887 2 2 1
walk_w40 4 40 30309691240 549755813887 2 2 2
walk_w40 5 40 -105268330387 444487483500 0 2 2
walk_w40 6 40 249822329389 549755813887 2 2 3
walk_w40 7 40 27319376616 549755813887 2 2 4
walk_w40 8 40 178158513737 549755813887 2 2 5
walk_w40 9 40 52437179370 549755813887 2 2 6
walk_w40 10 40 209442234293 549755813887 2 2 7
walk_w40 11 40 -157604069678 392151744209 0 2 7
walk_w40 12 40 -142691606713 249460137496 0 2 7
walk_w40 13 40 -37132809815 212327327681 0 2 7
walk_w40 14 40 150922718705 363250046386 0 2 7
walk_w40 15 40 215849348143 549755813887 2 2 8
walk_w40 16 40 3452031876 549755813887 2 2 9
walk_w40 17 40 157807936572 549755813887 2 2 10
walk_w40 18 40 134341767027 549755813887 2 2 11
walk_w40 19 40 35273624626 549755813887 2 2 12
walk_w40 20 40 131467149527 549755813887 2 2 13
walk_w40 21 40 -114920905504 434834908383 0 2 13
walk_w40 22 40 -85839253175 348995655208 0 2 13
walk_w40 23 40 92238555705 441234210913 0 2 13
