# pfb vector file
# schema: 1
# kind: pfb_io
# set: ident
# phases: 4
# taps: 8
# coeff_file: pfb_ident_p4t8.coeff
# seed: 848803354
# rounding_mode: nearest_even
# acc_w: 36
# count: 96
# generator: scripts/generate_coefficients.py
# reference: model/python/pfb_model.py (NumPy, independent)
# the model starts from an all-zero history at beat 0
# f* is the packed saturation flag word: sat_pos<<1 | sat_neg
# columns: beat x0_re x0_im x1_re x1_im x2_re x2_im x3_re x3_im y0_re y0_im y1_re y1_im y2_re y2_im y3_re y3_im f0_re f0_im f1_re f1_im f2_re f2_im f3_re f3_im
0 0 0 0 0 0 0 0 0 0 0 0 0 0 0 0 0 0 0 0 0 0 0 0 0
1 0 0 0 0 0 0 0 0 0 0 0 0 0 0 0 0 0 0 0 0 0 0 0 0
2 0 0 0 0 0 0 0 0 0 0 0 0 0 0 0 0 0 0 0 0 0 0 0 0
3 0 0 0 0 0 0 0 0 0 0 0 0 0 0 0 0 0 0 0 0 0 0 0 0
4 0 0 0 0 0 0 0 0 0 0 0 0 0 0 0 0 0 0 0 0 0 0 0 0
5 0 0 0 0 0 0 0 0 0 0 0 0 0 0 0 0 0 0 0 0 0 0 0 0
6 0 0 0 0 0 0 0 0 0 0 0 0 0 0 0 0 0 0 0 0 0 0 0 0
7 0 0 0 0 0 0 0 0 0 0 0 0 0 0 0 0 0 0 0 0 0 0 0 0
8 0 0 0 0 0 0 0 0 0 0 0 0 0 0 0 0 0 0 0 0 0 0 0 0
9 0 0 0 0 0 0 0 0 0 0 0 0 0 0 0 0 0 0 0 0 0 0 0 0
10 32767 -32768 32767 -32768 32767 -32768 32767 -32768 32766 -32767 32766 -32767 32766 -32767 32766 -32767 0 0 0 0 0 0 0 0
11 0 0 0 0 0 0 0 0 0 0 0 0 0 0 0 0 0 0 0 0 0 0 0 0
12 0 0 0 0 0 0 0 0 0 0 0 0 0 0 0 0 0 0 0 0 0 0 0 0
13 0 0 0 0 0 0 0 0 0 0 0 0 0 0 0 0 0 0 0 0 0 0 0 0
14 0 0 0 0 0 0 0 0 0 0 0 0 0 0 0 0 0 0 0 0 0 0 0 0
15 0 0 0 0 0 0 0 0 0 0 0 0 0 0 0 0 0 0 0 0 0 0 0 0
16 0 0 0 0 0 0 0 0 0 0 0 0 0 0 0 0 0 0 0 0 0 0 0 0
17 0 0 0 0 0 0 0 0 0 0 0 0 0 0 0 0 0 0 0 0 0 0 0 0
18 0 0 0 0 0 0 0 0 0 0 0 0 0 0 0 0 0 0 0 0 0 0 0 0
19 0 0 0 0 0 0 0 0 0 0 0 0 0 0 0 0 0 0 0 0 0 0 0 0
20 0 0 0 0 0 0 0 0 0 0 0 0 0 0 0 0 0 0 0 0 0 0 0 0
21 12345 -9876 12345 -9876 12345 -9876 12345 -9876 12345 -9876 12345 -9876 12345 -9876 12345 -9876 0 0 0 0 0 0 0 0
22 12345 -9876 12345 -9876 12345 -9876 12345 -9876 12345 -9876 12345 -9876 12345 -9876 12345 -9876 0 0 0 0 0 0 0 0
23 12345 -9876 12345 -9876 12345 -9876 12345 -9876 12345 -9876 12345 -9876 12345 -9876 12345 -9876 0 0 0 0 0 0 0 0
24 12345 -9876 12345 -9876 12345 -9876 12345 -9876 12345 -9876 12345 -9876 12345 -9876 12345 -9876 0 0 0 0 0 0 0 0
25 12345 -9876 12345 -9876 12345 -9876 12345 -9876 12345 -9876 12345 -9876 12345 -9876 12345 -9876 0 0 0 0 0 0 0 0
26 12345 -9876 12345 -9876 12345 -9876 12345 -9876 12345 -9876 12345 -9876 12345 -9876 12345 -9876 0 0 0 0 0 0 0 0
27 12345 -9876 12345 -9876 12345 -9876 12345 -9876 12345 -9876 12345 -9876 12345 -9876 12345 -9876 0 0 0 0 0 0 0 0
28 12345 -9876 12345 -9876 12345 -9876 12345 -9876 12345 -9876 12345 -9876 12345 -9876 12345 -9876 0 0 0 0 0 0 0 0
29 12345 -9876 12345 -9876 12345 -9876 12345 -9876 12345 -9876 12345 -9876 12345 -9876 12345 -9876 0 0 0 0 0 0 0 0
30 12345 -9876 12345 -9876 12345 -9876 12345 -9876 12345 -9876 12345 -9876 12345 -9876 12345 -9876 0 0 0 0 0 0 0 0
31 24576 0 22705 9405 17378 17378 9405 22705 24575 0 22704 9405 17377 17377 9405 22704 0 0 0 0 0 0 0 0
32 0 24576 -9405 22705 -17378 17378 -22705 9405 0 24575 -9405 22704 -17377 17377 -22704 9405 0 0 0 0 0 0 0 0
33 -24576 0 -22705 -9405 -17378 -17378 -9405 -22705 -24575 0 -22704 -9405 -17377 -17377 -9405 -22704 0 0 0 0 0 0 0 0
34 0 -24576 9405 -22705 17378 -17378 22705 -9405 0 -24575 9405 -22704 17377 -17377 22704 -9405 0 0 0 0 0 0 0 0
35 24576 0 22705 9405 17378 17378 9405 22705 24575 0 22704 9405 17377 17377 9405 22704 0 0 0 0 0 0 0 0
36 0 24576 -9405 22705 -17378 17378 -22705 9405 0 24575 -9405 22704 -17377 17377 -22704 9405 0 0 0 0 0 0 0 0
37 -24576 0 -22705 -9405 -17378 -17378 -9405 -22705 -24575 0 -22704 -9405 -17377 -17377 -9405 -22704 0 0 0 0 0 0 0 0
38 0 -24576 9405 -22705 17378 -17378 22705 -9405 0 -24575 9405 -22704 17377 -17377 22704 -9405 0 0 0 0 0 0 0 0
39 24576 0 22705 9405 17378 17378 9405 22705 24575 0 22704 9405 17377 17377 9405 22704 0 0 0 0 0 0 0 0
40 0 24576 -9405 22705 -17378 17378 -22705 9405 0 24575 -9405 22704 -17377 17377 -22704 9405 0 0 0 0 0 0 0 0
41 -24576 0 -22705 -9405 -17378 -17378 -9405 -22705 -24575 0 -22704 -9405 -17377 -17377 -9405 -22704 0 0 0 0 0 0 0 0
42 0 -24576 9405 -22705 17378 -17378 22705 -9405 0 -24575 9405 -22704 17377 -17377 22704 -9405 0 0 0 0 0 0 0 0
43 24576 0 22705 9405 17378 17378 9405 22705 24575 0 22704 9405 17377 17377 9405 22704 0 0 0 0 0 0 0 0
44 0 24576 -9405 22705 -17378 17378 -22705 9405 0 24575 -9405 22704 -17377 17377 -22704 9405 0 0 0 0 0 0 0 0
45 -24576 0 -22705 -9405 -17378 -17378 -9405 -22705 -24575 0 -22704 -9405 -17377 -17377 -9405 -22704 0 0 0 0 0 0 0 0
46 0 -24576 9405 -22705 17378 -17378 22705 -9405 0 -24575 9405 -22704 17377 -17377 22704 -9405 0 0 0 0 0 0 0 0
47 24576 0 22705 9405 17378 17378 9405 22705 24575 0 22704 9405 17377 17377 9405 22704 0 0 0 0 0 0 0 0
48 0 24576 -9405 22705 -17378 17378 -22705 9405 0 24575 -9405 22704 -17377 17377 -22704 9405 0 0 0 0 0 0 0 0
49 -24576 0 -22705 -9405 -17378 -17378 -9405 -22705 -24575 0 -22704 -9405 -17377 -17377 -9405 -22704 0 0 0 0 0 0 0 0
50 0 -24576 9405 -22705 17378 -17378 22705 -9405 0 -24575 9405 -22704 17377 -17377 22704 -9405 0 0 0 0 0 0 0 0
51 32767 32767 32767 32767 32767 32767 32767 32767 32766 32766 32766 32766 32766 32766 32766 32766 0 0 0 0 0 0 0 0
52 32767 32767 32767 32767 32767 32767 32767 32767 32766 32766 32766 32766 32766 32766 32766 32766 0 0 0 0 0 0 0 0
53 32767 32767 32767 32767 32767 32767 32767 32767 32766 32766 32766 32766 32766 32766 32766 32766 0 0 0 0 0 0 0 0
54 32767 32767 32767 32767 32767 32767 32767 32767 32766 32766 32766 32766 32766 32766 32766 32766 0 0 0 0 0 0 0 0
55 32767 32767 32767 32767 32767 32767 32767 32767 32766 32766 32766 32766 32766 32766 32766 32766 0 0 0 0 0 0 0 0
56 -32768 -32768 -32768 -32768 -32768 -32768 -32768 -32768 -32767 -32767 -32767 -32767 -32767 -32767 -32767 -32767 0 0 0 0 0 0 0 0
57 -32768 -32768 -32768 -32768 -32768 -32768 -32768 -32768 -32767 -32767 -32767 -32767 -32767 -32767 -32767 -32767 0 0 0 0 0 0 0 0
58 -32768 -32768 -32768 -32768 -32768 -32768 -32768 -32768 -32767 -32767 -32767 -32767 -32767 -32767 -32767 -32767 0 0 0 0 0 0 0 0
59 -32768 -32768 -32768 -32768 -32768 -32768 -32768 -32768 -32767 -32767 -32767 -32767 -32767 -32767 -32767 -32767 0 0 0 0 0 0 0 0
60 -32768 -32768 -32768 -32768 -32768 -32768 -32768 -32768 -32767 -32767 -32767 -32767 -32767 -32767 -32767 -32767 0 0 0 0 0 0 0 0
61 -22331 23205 11735 4880 14938 9677 21704 -19387 -22330 23204 11735 4880 14938 9677 21703 -19386 0 0 0 0 0 0 0 0
62 -23368 26308 8527 -13011 -21998 29307 -31788 -4624 -23367 26307 8527 -13011 -21997 29306 -31787 -4624 0 0 0 0 0 0 0 0
63 12601 -10211 -11599 2673 28571 13684 58 5518 12601 -10211 -11599 2673 28570 13684 58 5518 0 0 0 0 0 0 0 0
64 27538 -743 -15533 -14353 24038 -19606 18423 192 27537 -743 -15533 -14353 24037 -19605 18422 192 0 0 0 0 0 0 0 0
65 -18431 -15600 19969 -27266 6341 -25514 -21548 4472 -18430 -15600 19968 -27265 6341 -25513 -21547 4472 0 0 0 0 0 0 0 0
66 11652 27838 17062 16155 27655 -11023 26021 6413 11652 27837 17061 16155 27654 -11023 26020 6413 0 0 0 0 0 0 0 0
67 30332 31276 28041 -17995 30043 250 27491 14827 30331 31275 28040 -17994 30042 250 27490 14827 0 0 0 0 0 0 0 0
68 -15047 25026 -27860 -24895 7241 -4677 22607 -23486 -15047 25025 -27859 -24894 7241 -4677 22606 -23485 0 0 0 0 0 0 0 0
69 2949 15539 -20902 19378 14540 1466 14122 -5377 2949 15539 -20901 19377 14540 1466 14122 -5377 0 0 0 0 0 0 0 0
70 9121 21817 5239 3347 5010 -18647 -25316 -2566 9121 21816 5239 3347 5010 -18646 -25315 -2566 0 0 0 0 0 0 0 0
71 30847 -2505 -9516 26382 -13753 -4942 -19535 -7361 30846 -2505 -9516 26381 -13753 -4942 -19534 -7361 0 0 0 0 0 0 0 0
72 5222 28296 -2372 -8724 -27765 -6545 -31425 -1388 5222 28295 -2372 -8724 -27764 -6545 -31424 -1388 0 0 0 0 0 0 0 0
73 -3832 27199 -10086 -19836 -28571 29553 -17633 -22897 -3832 27198 -10086 -19835 -28570 29552 -17632 -22896 0 0 0 0 0 0 0 0
74 1354 -30956 -14921 -30304 30223 2206 -9877 27531 1354 -30955 -14921 -30303 30222 2206 -9877 27530 0 0 0 0 0 0 0 0
75 -15216 -22637 -27563 -27295 23400 -22600 -1299 27837 -15216 -22636 -27562 -27294 23399 -22599 -1299 27836 0 0 0 0 0 0 0 0
76 3614 -3619 25836 -9183 18997 -28789 -16302 5153 3614 -3619 25835 -9183 18996 -28788 -16302 5153 0 0 0 0 0 0 0 0
77 21938 -20010 14415 -395 21656 -15219 21942 9157 21937 -20009 14415 -395 21655 -15219 21941 9157 0 0 0 0 0 0 0 0
78 -31387 -5883 13108 -14391 10283 -11307 -31058 -22755 -31386 -5883 13108 -14391 10283 -11307 -31057 -22754 0 0 0 0 0 0 0 0
79 10667 -21187 7854 -16237 872 7825 -15381 -4748 10667 -21186 7854 -16237 872 7825 -15381 -4748 0 0 0 0 0 0 0 0
80 16448 -7188 -9701 -9074 11544 20732 32045 -7098 16447 -7188 -9701 -9074 11544 20731 32044 -7098 0 0 0 0 0 0 0 0
81 11538 -3870 -27104 -19993 25178 -30422 -15517 11850 11538 -3870 -27103 -19992 25177 -30421 -15517 11850 0 0 0 0 0 0 0 0
82 -21187 18490 -17797 -22111 13085 -9386 21614 6292 -21186 18489 -17796 -22110 13085 -9386 21613 6292 0 0 0 0 0 0 0 0
83 3170 11516 14246 -12809 831 15104 17063 -2480 3170 11516 14246 -12809 831 15104 17062 -2480 0 0 0 0 0 0 0 0
84 -22136 6287 -6072 -32567 12255 1739 5096 32424 -22135 6287 -6072 -32566 12255 1739 5096 32423 0 0 0 0 0 0 0 0
85 16549 21481 31425 -27317 -13582 -25625 -22367 -13763 16548 21480 31424 -27316 -13582 -25624 -22366 -13763 0 0 0 0 0 0 0 0
86 -7225 -29176 -17732 -11656 -10719 22342 4450 21525 -7225 -29175 -17731 -11656 -10719 22341 4450 21524 0 0 0 0 0 0 0 0
87 -21376 -23405 22246 -27725 -6161 15502 -4258 -9488 -21375 -23404 22245 -27724 -6161 15502 -4258 -9488 0 0 0 0 0 0 0 0
88 -12982 -19257 -13266 -18955 32393 -14472 -30623 -2796 -12982 -19256 -13266 -18954 32392 -14472 -30622 -2796 0 0 0 0 0 0 0 0
89 29873 26381 2298 8545 10267 6096 20373 -29662 29872 26380 2298 8545 10267 6096 20372 -29661 0 0 0 0 0 0 0 0
90 -14678 -27471 23883 -4215 -21228 402 -7362 -32253 -14678 -27470 23882 -4215 -21227 402 -7362 -32252 0 0 0 0 0 0 0 0
91 19399 15081 -9404 -28525 -32688 6776 21657 -17033 19398 15081 -9404 -28524 -32687 6776 21656 -17032 0 0 0 0 0 0 0 0
92 -10862 -6904 -25071 16294 28337 3890 -18628 23161 -10862 -6904 -25070 16294 28336 3890 -18627 23160 0 0 0 0 0 0 0 0
93 -3842 -23580 20804 19343 -26767 -26396 -25580 3609 -3842 -23579 20803 19342 -26766 -26395 -25579 3609 0 0 0 0 0 0 0 0
94 11886 2227 8571 12593 -24048 -27768 14075 -11578 11886 2227 8571 12593 -24047 -27767 14075 -11578 0 0 0 0 0 0 0 0
95 -2211 -281 8020 -2833 6093 19551 -23721 -16274 -2211 -281 8020 -2833 6093 19550 -23720 -16274 0 0 0 0 0 0 0 0
