# pfb vector file
# schema: 1
# kind: pfb_io
# set: proto
# phases: 8
# taps: 16
# coeff_file: pfb_proto_p8t16.coeff
# seed: 1872310875
# rounding_mode: nearest_even
# acc_w: 37
# count: 96
# generator: scripts/generate_coefficients.py
# reference: model/python/pfb_model.py (NumPy, independent)
# the model starts from an all-zero history at beat 0
# f* is the packed saturation flag word: sat_pos<<1 | sat_neg
# columns: beat x0_re x0_im x1_re x1_im x2_re x2_im x3_re x3_im x4_re x4_im x5_re x5_im x6_re x6_im x7_re x7_im y0_re y0_im y1_re y1_im y2_re y2_im y3_re y3_im y4_re y4_im y5_re y5_im y6_re y6_im y7_re y7_im f0_re f0_im f1_re f1_im f2_re f2_im f3_re f3_im f4_re f4_im f5_re f5_im f6_re f6_im f7_re f7_im
0 0 0 0 0 0 0 0 0 0 0 0 0 0 0 0 0 0 0 0 0 0 0 0 0 0 0 0 0 0 0 0 0 0 0 0 0 0 0 0 0 0 0 0 0 0 0 0 0
1 0 0 0 0 0 0 0 0 0 0 0 0 0 0 0 0 0 0 0 0 0 0 0 0 0 0 0 0 0 0 0 0 0 0 0 0 0 0 0 0 0 0 0 0 0 0 0 0
2 0 0 0 0 0 0 0 0 0 0 0 0 0 0 0 0 0 0 0 0 0 0 0 0 0 0 0 0 0 0 0 0 0 0 0 0 0 0 0 0 0 0 0 0 0 0 0 0
3 0 0 0 0 0 0 0 0 0 0 0 0 0 0 0 0 0 0 0 0 0 0 0 0 0 0 0 0 0 0 0 0 0 0 0 0 0 0 0 0 0 0 0 0 0 0 0 0
4 0 0 0 0 0 0 0 0 0 0 0 0 0 0 0 0 0 0 0 0 0 0 0 0 0 0 0 0 0 0 0 0 0 0 0 0 0 0 0 0 0 0 0 0 0 0 0 0
5 0 0 0 0 0 0 0 0 0 0 0 0 0 0 0 0 0 0 0 0 0 0 0 0 0 0 0 0 0 0 0 0 0 0 0 0 0 0 0 0 0 0 0 0 0 0 0 0
6 0 0 0 0 0 0 0 0 0 0 0 0 0 0 0 0 0 0 0 0 0 0 0 0 0 0 0 0 0 0 0 0 0 0 0 0 0 0 0 0 0 0 0 0 0 0 0 0
7 0 0 0 0 0 0 0 0 0 0 0 0 0 0 0 0 0 0 0 0 0 0 0 0 0 0 0 0 0 0 0 0 0 0 0 0 0 0 0 0 0 0 0 0 0 0 0 0
8 0 0 0 0 0 0 0 0 0 0 0 0 0 0 0 0 0 0 0 0 0 0 0 0 0 0 0 0 0 0 0 0 0 0 0 0 0 0 0 0 0 0 0 0 0 0 0 0
9 0 0 0 0 0 0 0 0 0 0 0 0 0 0 0 0 0 0 0 0 0 0 0 0 0 0 0 0 0 0 0 0 0 0 0 0 0 0 0 0 0 0 0 0 0 0 0 0
10 0 0 0 0 0 0 0 0 0 0 0 0 0 0 0 0 0 0 0 0 0 0 0 0 0 0 0 0 0 0 0 0 0 0 0 0 0 0 0 0 0 0 0 0 0 0 0 0
11 0 0 0 0 0 0 0 0 0 0 0 0 0 0 0 0 0 0 0 0 0 0 0 0 0 0 0 0 0 0 0 0 0 0 0 0 0 0 0 0 0 0 0 0 0 0 0 0
12 0 0 0 0 0 0 0 0 0 0 0 0 0 0 0 0 0 0 0 0 0 0 0 0 0 0 0 0 0 0 0 0 0 0 0 0 0 0 0 0 0 0 0 0 0 0 0 0
13 0 0 0 0 0 0 0 0 0 0 0 0 0 0 0 0 0 0 0 0 0 0 0 0 0 0 0 0 0 0 0 0 0 0 0 0 0 0 0 0 0 0 0 0 0 0 0 0
14 0 0 0 0 0 0 0 0 0 0 0 0 0 0 0 0 0 0 0 0 0 0 0 0 0 0 0 0 0 0 0 0 0 0 0 0 0 0 0 0 0 0 0 0 0 0 0 0
15 0 0 0 0 0 0 0 0 0 0 0 0 0 0 0 0 0 0 0 0 0 0 0 0 0 0 0 0 0 0 0 0 0 0 0 0 0 0 0 0 0 0 0 0 0 0 0 0
16 0 0 0 0 0 0 0 0 0 0 0 0 0 0 0 0 0 0 0 0 0 0 0 0 0 0 0 0 0 0 0 0 0 0 0 0 0 0 0 0 0 0 0 0 0 0 0 0
17 0 0 0 0 0 0 0 0 0 0 0 0 0 0 0 0 0 0 0 0 0 0 0 0 0 0 0 0 0 0 0 0 0 0 0 0 0 0 0 0 0 0 0 0 0 0 0 0
18 32767 -32768 32767 -32768 32767 -32768 32767 -32768 32767 -32768 32767 -32768 32767 -32768 32767 -32768 0 0 0 0 -1 1 -4 4 -6 6 -9 9 -9 9 -4 4 0 0 0 0 0 0 0 0 0 0 0 0 0 0 0 0
19 0 0 0 0 0 0 0 0 0 0 0 0 0 0 0 0 5 -5 20 -20 38 -38 54 -54 66 -66 66 -66 52 -52 21 -21 0 0 0 0 0 0 0 0 0 0 0 0 0 0 0 0
20 0 0 0 0 0 0 0 0 0 0 0 0 0 0 0 0 -25 25 -80 80 -137 137 -183 183 -205 205 -195 195 -145 145 -56 56 0 0 0 0 0 0 0 0 0 0 0 0 0 0 0 0
21 0 0 0 0 0 0 0 0 0 0 0 0 0 0 0 0 62 -62 196 -196 322 -322 416 -416 455 -455 421 -421 306 -306 117 -117 0 0 0 0 0 0 0 0 0 0 0 0 0 0 0 0
22 0 0 0 0 0 0 0 0 0 0 0 0 0 0 0 0 -127 127 -391 391 -632 632 -806 806 -871 871 -796 796 -574 574 -217 217 0 0 0 0 0 0 0 0 0 0 0 0 0 0 0 0
23 0 0 0 0 0 0 0 0 0 0 0 0 0 0 0 0 234 -234 719 -719 1160 -1160 1477 -1477 1594 -1594 1461 -1461 1057 -1057 402 -402 0 0 0 0 0 0 0 0 0 0 0 0 0 0 0 0
24 0 0 0 0 0 0 0 0 0 0 0 0 0 0 0 0 -437 437 -1357 1357 -2220 2220 -2875 2875 -3173 3173 -2987 2987 -2234 2234 -887 887 0 0 0 0 0 0 0 0 0 0 0 0 0 0 0 0
25 0 0 0 0 0 0 0 0 0 0 0 0 0 0 0 0 1015 -1015 3364 -3364 5993 -5993 8694 -8694 11233 -11233 13381 -13381 14938 -14938 15756 -15756 0 0 0 0 0 0 0 0 0 0 0 0 0 0 0 0
26 0 0 0 0 0 0 0 0 0 0 0 0 0 0 0 0 15756 -15756 14938 -14938 13381 -13381 11233 -11233 8694 -8694 5993 -5993 3364 -3364 1015 -1015 0 0 0 0 0 0 0 0 0 0 0 0 0 0 0 0
27 0 0 0 0 0 0 0 0 0 0 0 0 0 0 0 0 -887 887 -2234 2234 -2987 2987 -3173 3173 -2875 2875 -2220 2220 -1357 1357 -437 437 0 0 0 0 0 0 0 0 0 0 0 0 0 0 0 0
28 0 0 0 0 0 0 0 0 0 0 0 0 0 0 0 0 402 -402 1057 -1057 1461 -1461 1594 -1594 1477 -1477 1160 -1160 719 -719 234 -234 0 0 0 0 0 0 0 0 0 0 0 0 0 0 0 0
29 0 0 0 0 0 0 0 0 0 0 0 0 0 0 0 0 -217 217 -574 574 -796 796 -871 871 -806 806 -632 632 -391 391 -127 127 0 0 0 0 0 0 0 0 0 0 0 0 0 0 0 0
30 0 0 0 0 0 0 0 0 0 0 0 0 0 0 0 0 117 -117 306 -306 421 -421 455 -455 416 -416 322 -322 196 -196 62 -62 0 0 0 0 0 0 0 0 0 0 0 0 0 0 0 0
31 0 0 0 0 0 0 0 0 0 0 0 0 0 0 0 0 -56 56 -145 145 -195 195 -205 205 -183 183 -137 137 -80 80 -25 25 0 0 0 0 0 0 0 0 0 0 0 0 0 0 0 0
32 0 0 0 0 0 0 0 0 0 0 0 0 0 0 0 0 21 -21 52 -52 66 -66 66 -66 54 -54 38 -38 20 -20 5 -5 0 0 0 0 0 0 0 0 0 0 0 0 0 0 0 0
33 0 0 0 0 0 0 0 0 0 0 0 0 0 0 0 0 -4 4 -9 9 -9 9 -6 6 -4 4 -1 1 0 0 0 0 0 0 0 0 0 0 0 0 0 0 0 0 0 0 0 0
34 0 0 0 0 0 0 0 0 0 0 0 0 0 0 0 0 0 0 0 0 0 0 0 0 0 0 0 0 0 0 0 0 0 0 0 0 0 0 0 0 0 0 0 0 0 0 0 0
35 0 0 0 0 0 0 0 0 0 0 0 0 0 0 0 0 0 0 0 0 0 0 0 0 0 0 0 0 0 0 0 0 0 0 0 0 0 0 0 0 0 0 0 0 0 0 0 0
36 0 0 0 0 0 0 0 0 0 0 0 0 0 0 0 0 0 0 0 0 0 0 0 0 0 0 0 0 0 0 0 0 0 0 0 0 0 0 0 0 0 0 0 0 0 0 0 0
37 12345 -9876 12345 -9876 12345 -9876 12345 -9876 12345 -9876 12345 -9876 12345 -9876 12345 -9876 0 0 0 0 0 0 -2 1 -2 2 -3 3 -3 3 -2 1 0 0 0 0 0 0 0 0 0 0 0 0 0 0 0 0
38 12345 -9876 12345 -9876 12345 -9876 12345 -9876 12345 -9876 12345 -9876 12345 -9876 12345 -9876 2 -2 8 -6 14 -11 19 -15 23 -18 21 -17 16 -13 6 -5 0 0 0 0 0 0 0 0 0 0 0 0 0 0 0 0
39 12345 -9876 12345 -9876 12345 -9876 12345 -9876 12345 -9876 12345 -9876 12345 -9876 12345 -9876 -8 6 -23 18 -38 30 -50 40 -55 44 -52 42 -38 31 -15 12 0 0 0 0 0 0 0 0 0 0 0 0 0 0 0 0
40 12345 -9876 12345 -9876 12345 -9876 12345 -9876 12345 -9876 12345 -9876 12345 -9876 12345 -9876 16 -13 51 -41 84 -67 107 -85 117 -93 107 -85 77 -61 29 -24 0 0 0 0 0 0 0 0 0 0 0 0 0 0 0 0
41 12345 -9876 12345 -9876 12345 -9876 12345 -9876 12345 -9876 12345 -9876 12345 -9876 12345 -9876 -32 26 -96 77 -154 124 -197 158 -211 169 -193 155 -139 112 -52 42 0 0 0 0 0 0 0 0 0 0 0 0 0 0 0 0
42 12345 -9876 12345 -9876 12345 -9876 12345 -9876 12345 -9876 12345 -9876 12345 -9876 12345 -9876 56 -45 175 -140 283 -226 359 -288 389 -311 357 -286 259 -207 99 -79 0 0 0 0 0 0 0 0 0 0 0 0 0 0 0 0
43 12345 -9876 12345 -9876 12345 -9876 12345 -9876 12345 -9876 12345 -9876 12345 -9876 12345 -9876 -109 87 -336 269 -554 443 -724 579 -806 645 -768 615 -583 466 -235 188 0 0 0 0 0 0 0 0 0 0 0 0 0 0 0 0
44 12345 -9876 12345 -9876 12345 -9876 12345 -9876 12345 -9876 12345 -9876 12345 -9876 12345 -9876 274 -219 931 -745 1704 -1363 2552 -2041 3426 -2741 4273 -3418 5045 -4036 5701 -4561 0 0 0 0 0 0 0 0 0 0 0 0 0 0 0 0
45 12345 -9876 12345 -9876 12345 -9876 12345 -9876 12345 -9876 12345 -9876 12345 -9876 12345 -9876 6210 -4968 6559 -5247 6745 -5396 6784 -5427 6701 -5361 6531 -5225 6312 -5050 6083 -4867 0 0 0 0 0 0 0 0 0 0 0 0 0 0 0 0
46 12345 -9876 12345 -9876 12345 -9876 12345 -9876 12345 -9876 12345 -9876 12345 -9876 12345 -9876 5876 -4701 5717 -4574 5620 -4496 5588 -4471 5618 -4494 5694 -4556 5801 -4641 5919 -4735 0 0 0 0 0 0 0 0 0 0 0 0 0 0 0 0
47 12345 -9876 12345 -9876 12345 -9876 12345 -9876 12345 -9876 12345 -9876 12345 -9876 12345 -9876 6027 -4822 6115 -4892 6170 -4936 6189 -4951 6174 -4940 6131 -4905 6072 -4858 6007 -4805 0 0 0 0 0 0 0 0 0 0 0 0 0 0 0 0
48 12345 -9876 12345 -9876 12345 -9876 12345 -9876 12345 -9876 12345 -9876 12345 -9876 12345 -9876 5945 -4756 5899 -4719 5870 -4696 5861 -4688 5871 -4697 5893 -4715 5925 -4740 5959 -4767 0 0 0 0 0 0 0 0 0 0 0 0 0 0 0 0
49 12345 -9876 12345 -9876 12345 -9876 12345 -9876 12345 -9876 12345 -9876 12345 -9876 12345 -9876 5989 -4792 6014 -4811 6029 -4823 6032 -4826 6027 -4822 6015 -4812 5998 -4799 5982 -4786 0 0 0 0 0 0 0 0 0 0 0 0 0 0 0 0
50 12345 -9876 12345 -9876 12345 -9876 12345 -9876 12345 -9876 12345 -9876 12345 -9876 12345 -9876 5968 -4775 5960 -4768 5955 -4764 5955 -4764 5959 -4767 5963 -4770 5968 -4775 5973 -4778 0 0 0 0 0 0 0 0 0 0 0 0 0 0 0 0
51 12345 -9876 12345 -9876 12345 -9876 12345 -9876 12345 -9876 12345 -9876 12345 -9876 12345 -9876 5976 -4781 5979 -4783 5980 -4784 5980 -4784 5979 -4783 5977 -4782 5976 -4781 5975 -4780 0 0 0 0 0 0 0 0 0 0 0 0 0 0 0 0
52 12345 -9876 12345 -9876 12345 -9876 12345 -9876 12345 -9876 12345 -9876 12345 -9876 12345 -9876 5975 -4780 5976 -4781 5977 -4782 5977 -4782 5977 -4782 5977 -4782 5976 -4781 5975 -4780 0 0 0 0 0 0 0 0 0 0 0 0 0 0 0 0
53 12345 -9876 12345 -9876 12345 -9876 12345 -9876 12345 -9876 12345 -9876 12345 -9876 12345 -9876 5975 -4780 5976 -4781 5977 -4782 5977 -4782 5977 -4782 5977 -4782 5976 -4781 5975 -4780 0 0 0 0 0 0 0 0 0 0 0 0 0 0 0 0
54 12345 -9876 12345 -9876 12345 -9876 12345 -9876 12345 -9876 12345 -9876 12345 -9876 12345 -9876 5975 -4780 5976 -4781 5977 -4782 5977 -4782 5977 -4782 5977 -4782 5976 -4781 5975 -4780 0 0 0 0 0 0 0 0 0 0 0 0 0 0 0 0
55 24576 0 24104 4795 22705 9405 20434 13654 17378 17378 13654 20434 9405 22705 4795 24104 5975 -4780 5976 -4781 5977 -4782 5976 -4785 5976 -4787 5977 -4790 5977 -4790 5976 -4784 0 0 0 0 0 0 0 0 0 0 0 0 0 0 0 0
56 0 24576 -4795 24104 -9405 22705 -13654 20434 -17378 17378 -20434 13654 -22705 9405 -24104 4795 5977 -4778 5983 -4772 5990 -4760 5994 -4747 5993 -4732 5989 -4727 5981 -4734 5974 -4760 0 0 0 0 0 0 0 0 0 0 0 0 0 0 0 0
57 -24576 0 -24104 -4795 -22705 -9405 -20434 -13654 -17378 -17378 -13654 -20434 -9405 -22705 -4795 -24104 5963 -4782 5937 -4796 5910 -4824 5893 -4863 5891 -4896 5910 -4912 5939 -4891 5966 -4827 0 0 0 0 0 0 0 0 0 0 0 0 0 0 0 0
58 0 -24576 4795 -24104 9405 -22705 13654 -20434 17378 -17378 20434 -13654 22705 -9405 24104 -4795 6002 -4786 6066 -4773 6129 -4727 6171 -4657 6172 -4588 6134 -4552 6066 -4582 5998 -4693 0 0 0 0 0 0 0 0 0 0 0 0 0 0 0 0
59 24576 0 24104 4795 22705 9405 20434 13654 17378 17378 13654 20434 9405 22705 4795 24104 5930 -4763 5817 -4774 5706 -4851 5633 -4975 5626 -5101 5695 -5169 5814 -5123 5932 -4929 0 0 0 0 0 0 0 0 0 0 0 0 0 0 0 0
60 0 24576 -4795 24104 -9405 22705 -13654 20434 -17378 17378 -20434 13654 -22705 9405 -24104 4795 6051 -4811 6246 -4790 6444 -4648 6575 -4421 6584 -4188 6461 -4060 6251 -4143 6042 -4500 0 0 0 0 0 0 0 0 0 0 0 0 0 0 0 0
61 -24576 0 -24104 -4795 -22705 -9405 -20434 -13654 -17378 -17378 -13654 -20434 -9405 -22705 -4795 -24104 5832 -4734 5463 -4803 5085 -5112 4835 -5602 4818 -6114 5065 -6418 5487 -6261 5879 -5454 0 0 0 0 0 0 0 0 0 0 0 0 0 0 0 0
62 0 -24576 4795 -24104 9405 -22705 13654 -20434 17378 -17378 20434 -13654 22705 -9405 24104 -4795 6329 -4812 7273 -4393 8313 -3144 9089 -984 9196 1951 8301 5301 6232 8534 3066 11040 0 0 0 0 0 0 0 0 0 0 0 0 0 0 0 0
63 24576 0 24104 4795 22705 9405 20434 13654 17378 17378 13654 20434 9405 22705 4795 24104 11833 817 10762 4880 8229 8496 4442 10989 -105 11834 -4721 10777 -8650 7902 -11219 3625 0 0 0 0 0 0 0 0 0 0 0 0 0 0 0 0
64 0 24576 -4795 24104 -9405 22705 -13654 20434 -17378 17378 -20434 13654 -22705 9405 -24104 4795 -1195 11989 -5799 10811 -9594 7855 -11933 3615 -12421 -1193 -10977 -5777 -7847 -9393 -3546 -11477 0 0 0 0 0 0 0 0 0 0 0 0 0 0 0 0
65 -24576 0 -24104 -4795 -22705 -9405 -20434 -13654 -17378 -17378 -13654 -20434 -9405 -22705 -4795 -24104 -11819 -1252 -10380 -5791 -7321 -9377 -3144 -11489 1492 -11839 5880 -10412 9364 -7447 11434 -3405 0 0 0 0 0 0 0 0 0 0 0 0 0 0 0 0
66 0 -24576 4795 -24104 9405 -22705 13654 -20434 17378 -17378 20434 -13654 22705 -9405 24104 -4795 1160 -11790 5557 -10386 9086 -7442 11232 -3389 11676 1176 10356 5574 7463 9148 3428 11360 0 0 0 0 0 0 0 0 0 0 0 0 0 0 0 0
67 24576 0 24104 4795 22705 9405 20434 13654 17378 17378 13654 20434 9405 22705 4795 24104 11840 1143 10511 5556 7596 9142 3525 11348 -1091 11830 -5544 10504 -9155 7565 -11372 3463 0 0 0 0 0 0 0 0 0 0 0 0 0 0 0 0
68 0 24576 -4795 24104 -9405 22705 -13654 20434 -17378 17378 -20434 13654 -22705 9405 -24104 4795 -1167 11849 -5616 10515 -9214 7575 -11410 3476 -11868 -1153 -10517 -5603 -7563 -9194 -3459 -11384 0 0 0 0 0 0 0 0 0 0 0 0 0 0 0 0
69 -24576 0 -24104 -4795 -22705 -9405 -20434 -13654 -17378 -17378 -13654 -20434 -9405 -22705 -4795 -24104 -11840 -1172 -10494 -5622 -7550 -9214 -3455 -11403 1165 -11857 5607 -10507 9194 -7556 11383 -3457 0 0 0 0 0 0 0 0 0 0 0 0 0 0 0 0
70 0 -24576 4795 -24104 9405 -22705 13654 -20434 17378 -17378 20434 -13654 22705 -9405 24104 -4795 1170 -11839 5618 -10491 9211 -7549 11401 -3455 11856 1165 10506 5607 7556 9194 3457 11383 0 0 0 0 0 0 0 0 0 0 0 0 0 0 0 0
71 24576 0 24104 4795 22705 9405 20434 13654 17378 17378 13654 20434 9405 22705 4795 24104 11839 1170 10491 5618 7549 9211 3455 11401 -1165 11856 -5607 10506 -9194 7556 -11383 3457 0 0 0 0 0 0 0 0 0 0 0 0 0 0 0 0
72 0 24576 -4795 24104 -9405 22705 -13654 20434 -17378 17378 -20434 13654 -22705 9405 -24104 4795 -1170 11839 -5618 10491 -9211 7549 -11401 3455 -11856 -1165 -10506 -5607 -7556 -9194 -3457 -11383 0 0 0 0 0 0 0 0 0 0 0 0 0 0 0 0
73 -24576 0 -24104 -4795 -22705 -9405 -20434 -13654 -17378 -17378 -13654 -20434 -9405 -22705 -4795 -24104 -11839 -1170 -10491 -5618 -7549 -9211 -3455 -11401 1165 -11856 5607 -10506 9194 -7556 11383 -3457 0 0 0 0 0 0 0 0 0 0 0 0 0 0 0 0
74 0 -24576 4795 -24104 9405 -22705 13654 -20434 17378 -17378 20434 -13654 22705 -9405 24104 -4795 1170 -11839 5618 -10491 9211 -7549 11401 -3455 11856 1165 10506 5607 7556 9194 3457 11383 0 0 0 0 0 0 0 0 0 0 0 0 0 0 0 0
75 24576 0 24104 4795 22705 9405 20434 13654 17378 17378 13654 20434 9405 22705 4795 24104 11839 1170 10491 5618 7549 9211 3455 11401 -1165 11856 -5607 10506 -9194 7556 -11383 3457 0 0 0 0 0 0 0 0 0 0 0 0 0 0 0 0
76 0 24576 -4795 24104 -9405 22705 -13654 20434 -17378 17378 -20434 13654 -22705 9405 -24104 4795 -1170 11839 -5618 10491 -9211 7549 -11401 3455 -11856 -1165 -10506 -5607 -7556 -9194 -3457 -11383 0 0 0 0 0 0 0 0 0 0 0 0 0 0 0 0
77 -24576 0 -24104 -4795 -22705 -9405 -20434 -13654 -17378 -17378 -13654 -20434 -9405 -22705 -4795 -24104 -11839 -1170 -10491 -5618 -7549 -9211 -3455 -11401 1165 -11856 5607 -10506 9194 -7556 11383 -3457 0 0 0 0 0 0 0 0 0 0 0 0 0 0 0 0
78 0 -24576 4795 -24104 9405 -22705 13654 -20434 17378 -17378 20434 -13654 22705 -9405 24104 -4795 1170 -11839 5618 -10491 9211 -7549 11401 -3455 11856 1165 10506 5607 7556 9194 3457 11383 0 0 0 0 0 0 0 0 0 0 0 0 0 0 0 0
79 24576 0 24104 4795 22705 9405 20434 13654 17378 17378 13654 20434 9405 22705 4795 24104 11839 1170 10491 5618 7549 9211 3455 11401 -1165 11856 -5607 10506 -9194 7556 -11383 3457 0 0 0 0 0 0 0 0 0 0 0 0 0 0 0 0
80 0 24576 -4795 24104 -9405 22705 -13654 20434 -17378 17378 -20434 13654 -22705 9405 -24104 4795 -1170 11839 -5618 10491 -9211 7549 -11401 3455 -11856 -1165 -10506 -5607 -7556 -9194 -3457 -11383 0 0 0 0 0 0 0 0 0 0 0 0 0 0 0 0
81 -24576 0 -24104 -4795 -22705 -9405 -20434 -13654 -17378 -17378 -13654 -20434 -9405 -22705 -4795 -24104 -11839 -1170 -10491 -5618 -7549 -9211 -3455 -11401 1165 -11856 5607 -10506 9194 -7556 11383 -3457 0 0 0 0 0 0 0 0 0 0 0 0 0 0 0 0
82 0 -24576 4795 -24104 9405 -22705 13654 -20434 17378 -17378 20434 -13654 22705 -9405 24104 -4795 1170 -11839 5618 -10491 9211 -7549 11401 -3455 11856 1165 10506 5607 7556 9194 3457 11383 0 0 0 0 0 0 0 0 0 0 0 0 0 0 0 0
83 24576 0 24104 4795 22705 9405 20434 13654 17378 17378 13654 20434 9405 22705 4795 24104 11839 1170 10491 5618 7549 9211 3455 11401 -1165 11856 -5607 10506 -9194 7556 -11383 3457 0 0 0 0 0 0 0 0 0 0 0 0 0 0 0 0
84 0 24576 -4795 24104 -9405 22705 -13654 20434 -17378 17378 -20434 13654 -22705 9405 -24104 4795 -1170 11839 -5618 10491 -9211 7549 -11401 3455 -11856 -1165 -10506 -5607 -7556 -9194 -3457 -11383 0 0 0 0 0 0 0 0 0 0 0 0 0 0 0 0
85 -24576 0 -24104 -4795 -22705 -9405 -20434 -13654 -17378 -17378 -13654 -20434 -9405 -22705 -4795 -24104 -11839 -1170 -10491 -5618 -7549 -9211 -3455 -11401 1165 -11856 5607 -10506 9194 -7556 11383 -3457 0 0 0 0 0 0 0 0 0 0 0 0 0 0 0 0
86 0 -24576 4795 -24104 9405 -22705 13654 -20434 17378 -17378 20434 -13654 22705 -9405 24104 -4795 1170 -11839 5618 -10491 9211 -7549 11401 -3455 11856 1165 10506 5607 7556 9194 3457 11383 0 0 0 0 0 0 0 0 0 0 0 0 0 0 0 0
87 24576 0 24104 4795 22705 9405 20434 13654 17378 17378 13654 20434 9405 22705 4795 24104 11839 1170 10491 5618 7549 9211 3455 11401 -1165 11856 -5607 10506 -9194 7556 -11383 3457 0 0 0 0 0 0 0 0 0 0 0 0 0 0 0 0
88 0 24576 -4795 24104 -9405 22705 -13654 20434 -17378 17378 -20434 13654 -22705 9405 -24104 4795 -1170 11839 -5618 10491 -9211 7549 -11401 3455 -11856 -1165 -10506 -5607 -7556 -9194 -3457 -11383 0 0 0 0 0 0 0 0 0 0 0 0 0 0 0 0
89 -24576 0 -24104 -4795 -22705 -9405 -20434 -13654 -17378 -17378 -13654 -20434 -9405 -22705 -4795 -24104 -11839 -1170 -10491 -5618 -7549 -9211 -3455 -11401 1165 -11856 5607 -10506 9194 -7556 11383 -3457 0 0 0 0 0 0 0 0 0 0 0 0 0 0 0 0
90 0 -24576 4795 -24104 9405 -22705 13654 -20434 17378 -17378 20434 -13654 22705 -9405 24104 -4795 1170 -11839 5618 -10491 9211 -7549 11401 -3455 11856 1165 10506 5607 7556 9194 3457 11383 0 0 0 0 0 0 0 0 0 0 0 0 0 0 0 0
91 32767 32767 32767 32767 32767 32767 32767 32767 32767 32767 32767 32767 32767 32767 32767 32767 11839 1170 10491 5618 7549 9210 3454 11399 -1167 11853 -5612 10503 -9200 7554 -11387 3456 0 0 0 0 0 0 0 0 0 0 0 0 0 0 0 0
92 32767 32767 32767 32767 32767 32767 32767 32767 32767 32767 32767 32767 32767 32767 32767 32767 -1169 11844 -5612 10509 -9200 7576 -11386 3485 -11834 -1136 -10483 -5587 -7535 -9184 -3446 -11381 0 0 0 0 0 0 0 0 0 0 0 0 0 0 0 0
93 32767 32767 32767 32767 32767 32767 32767 32767 32767 32767 32767 32767 32767 32767 32767 32767 -11840 -1194 -10490 -5681 -7544 -9298 -3454 -11493 1160 -11931 5588 -10556 9167 -7579 11367 -3461 0 0 0 0 0 0 0 0 0 0 0 0 0 0 0 0
94 32767 32767 32767 32767 32767 32767 32767 32767 32767 32767 32767 32767 32767 32767 32767 32767 1169 -11778 5613 -10322 9197 -7314 11384 -3211 11854 1374 10526 5746 7593 9261 3483 11398 0 0 0 0 0 0 0 0 0 0 0 0 0 0 0 0
95 32767 32767 32767 32767 32767 32767 32767 32767 32767 32767 32767 32767 32767 32767 32767 32767 11830 1042 10491 5279 7564 8746 3474 10914 -1163 11445 -5644 10226 -9262 7417 -11427 3426 0 0 0 0 0 0 0 0 0 0 0 0 0 0 0 0
