# pfb vector file
# schema: 1
# kind: pfb_io
# set: random
# phases: 8
# taps: 16
# coeff_file: pfb_random_p8t16.coeff
# seed: 1009661554
# rounding_mode: nearest_even
# acc_w: 37
# count: 96
# generator: scripts/generate_coefficients.py
# reference: model/python/pfb_model.py (NumPy, independent)
# the model starts from an all-zero history at beat 0
# f* is the packed saturation flag word: sat_pos<<1 | sat_neg
# columns: beat x0_re x0_im x1_re x1_im x2_re x2_im x3_re x3_im x4_re x4_im x5_re x5_im x6_re x6_im x7_re x7_im y0_re y0_im y1_re y1_im y2_re y2_im y3_re y3_im y4_re y4_im y5_re y5_im y6_re y6_im y7_re y7_im f0_re f0_im f1_re f1_im f2_re f2_im f3_re f3_im f4_re f4_im f5_re f5_im f6_re f6_im f7_re f7_im
0 0 0 0 0 0 0 0 0 0 0 0 0 0 0 0 0 0 0 0 0 0 0 0 0 0 0 0 0 0 0 0 0 0 0 0 0 0 0 0 0 0 0 0 0 0 0 0 0
1 0 0 0 0 0 0 0 0 0 0 0 0 0 0 0 0 0 0 0 0 0 0 0 0 0 0 0 0 0 0 0 0 0 0 0 0 0 0 0 0 0 0 0 0 0 0 0 0
2 0 0 0 0 0 0 0 0 0 0 0 0 0 0 0 0 0 0 0 0 0 0 0 0 0 0 0 0 0 0 0 0 0 0 0 0 0 0 0 0 0 0 0 0 0 0 0 0
3 0 0 0 0 0 0 0 0 0 0 0 0 0 0 0 0 0 0 0 0 0 0 0 0 0 0 0 0 0 0 0 0 0 0 0 0 0 0 0 0 0 0 0 0 0 0 0 0
4 0 0 0 0 0 0 0 0 0 0 0 0 0 0 0 0 0 0 0 0 0 0 0 0 0 0 0 0 0 0 0 0 0 0 0 0 0 0 0 0 0 0 0 0 0 0 0 0
5 0 0 0 0 0 0 0 0 0 0 0 0 0 0 0 0 0 0 0 0 0 0 0 0 0 0 0 0 0 0 0 0 0 0 0 0 0 0 0 0 0 0 0 0 0 0 0 0
6 0 0 0 0 0 0 0 0 0 0 0 0 0 0 0 0 0 0 0 0 0 0 0 0 0 0 0 0 0 0 0 0 0 0 0 0 0 0 0 0 0 0 0 0 0 0 0 0
7 0 0 0 0 0 0 0 0 0 0 0 0 0 0 0 0 0 0 0 0 0 0 0 0 0 0 0 0 0 0 0 0 0 0 0 0 0 0 0 0 0 0 0 0 0 0 0 0
8 0 0 0 0 0 0 0 0 0 0 0 0 0 0 0 0 0 0 0 0 0 0 0 0 0 0 0 0 0 0 0 0 0 0 0 0 0 0 0 0 0 0 0 0 0 0 0 0
9 0 0 0 0 0 0 0 0 0 0 0 0 0 0 0 0 0 0 0 0 0 0 0 0 0 0 0 0 0 0 0 0 0 0 0 0 0 0 0 0 0 0 0 0 0 0 0 0
10 0 0 0 0 0 0 0 0 0 0 0 0 0 0 0 0 0 0 0 0 0 0 0 0 0 0 0 0 0 0 0 0 0 0 0 0 0 0 0 0 0 0 0 0 0 0 0 0
11 0 0 0 0 0 0 0 0 0 0 0 0 0 0 0 0 0 0 0 0 0 0 0 0 0 0 0 0 0 0 0 0 0 0 0 0 0 0 0 0 0 0 0 0 0 0 0 0
12 0 0 0 0 0 0 0 0 0 0 0 0 0 0 0 0 0 0 0 0 0 0 0 0 0 0 0 0 0 0 0 0 0 0 0 0 0 0 0 0 0 0 0 0 0 0 0 0
13 0 0 0 0 0 0 0 0 0 0 0 0 0 0 0 0 0 0 0 0 0 0 0 0 0 0 0 0 0 0 0 0 0 0 0 0 0 0 0 0 0 0 0 0 0 0 0 0
14 0 0 0 0 0 0 0 0 0 0 0 0 0 0 0 0 0 0 0 0 0 0 0 0 0 0 0 0 0 0 0 0 0 0 0 0 0 0 0 0 0 0 0 0 0 0 0 0
15 0 0 0 0 0 0 0 0 0 0 0 0 0 0 0 0 0 0 0 0 0 0 0 0 0 0 0 0 0 0 0 0 0 0 0 0 0 0 0 0 0 0 0 0 0 0 0 0
16 0 0 0 0 0 0 0 0 0 0 0 0 0 0 0 0 0 0 0 0 0 0 0 0 0 0 0 0 0 0 0 0 0 0 0 0 0 0 0 0 0 0 0 0 0 0 0 0
17 0 0 0 0 0 0 0 0 0 0 0 0 0 0 0 0 0 0 0 0 0 0 0 0 0 0 0 0 0 0 0 0 0 0 0 0 0 0 0 0 0 0 0 0 0 0 0 0
18 32767 -32768 32767 -32768 32767 -32768 32767 -32768 32767 -32768 32767 -32768 32767 -32768 32767 -32768 -11240 10514 13096 -28893 -32768 -12688 -23437 -32768 3670 -5310 -32768 4728 -11095 -32768 32767 -13070 0 0 0 0 1 0 0 1 0 0 1 0 0 1 2 0
19 0 0 0 0 0 0 0 0 0 0 0 0 0 0 0 0 31036 -9981 -18143 -32768 -4105 23475 32767 -2755 32767 -2373 -4632 -3706 32767 670 16465 -19850 0 0 0 1 0 0 2 0 2 0 0 0 2 0 0 0
20 0 0 0 0 0 0 0 0 0 0 0 0 0 0 0 0 12621 -12101 -32768 -7218 -1550 19458 7677 32767 -25434 2466 -12003 -29616 3386 22916 6665 -32768 0 0 1 0 0 0 0 2 0 0 0 0 0 0 0 1
21 0 0 0 0 0 0 0 0 0 0 0 0 0 0 0 0 -14869 -32768 13865 19570 -32768 3534 3804 32767 13412 19435 -22784 -11929 -23178 20619 32767 1764 0 1 0 0 1 0 0 2 0 0 0 0 0 0 2 0
22 0 0 0 0 0 0 0 0 0 0 0 0 0 0 0 0 20405 -19970 -16184 8838 2990 32767 28331 -9206 -14831 18334 25957 -32252 2133 -32768 -32768 9164 0 0 0 0 0 2 0 0 0 0 0 0 0 1 1 0
23 0 0 0 0 0 0 0 0 0 0 0 0 0 0 0 0 -12624 -32768 811 32767 -10156 32767 32767 14234 -12519 32767 32767 21767 -29658 -5707 -9337 -21805 0 1 0 2 0 2 2 0 0 2 2 0 0 0 0 0
24 0 0 0 0 0 0 0 0 0 0 0 0 0 0 0 0 8207 -32768 -27587 -21342 15132 3292 -1821 -32768 -26129 21690 -32768 312 -32768 -442 -28018 798 0 1 0 0 0 0 0 1 0 0 1 0 1 0 0 0
25 0 0 0 0 0 0 0 0 0 0 0 0 0 0 0 0 -25068 -23659 -1654 -32768 -32768 -5643 22337 -31446 -9020 -32768 -6402 32767 32767 3304 -15672 14866 0 0 0 1 1 0 0 0 0 1 0 2 2 0 0 0
26 0 0 0 0 0 0 0 0 0 0 0 0 0 0 0 0 -32768 23388 32511 19608 -3691 -21071 -27972 -16223 3202 -32768 18262 -17715 -24166 19569 2901 32767 1 0 0 0 0 0 0 0 0 1 0 0 0 0 0 2
27 0 0 0 0 0 0 0 0 0 0 0 0 0 0 0 0 -32768 -15372 -32768 18855 -26905 -26496 -354 8950 -18596 -16445 32767 2251 -14701 22508 15004 -14540 1 0 1 0 0 0 0 0 0 0 2 0 0 0 0 0
28 0 0 0 0 0 0 0 0 0 0 0 0 0 0 0 0 -32768 12703 32767 -12101 32767 13092 13955 26982 31678 -4133 -32768 20470 -1029 -22421 32767 8911 1 0 2 0 2 0 0 0 0 0 1 0 0 0 2 0
29 0 0 0 0 0 0 0 0 0 0 0 0 0 0 0 0 -32768 -14335 -20822 32767 -32768 -17668 32767 2853 -10297 -32768 -10856 32767 -12873 -16711 11509 -32084 1 0 0 2 1 0 2 0 0 1 0 2 0 0 0 0
30 0 0 0 0 0 0 0 0 0 0 0 0 0 0 0 0 -9089 -32768 -31813 -8734 19267 2617 -15788 -4738 -4188 32767 23150 -20835 32767 -9866 32767 -3215 0 1 0 0 0 0 0 0 0 2 0 0 2 0 2 0
31 0 0 0 0 0 0 0 0 0 0 0 0 0 0 0 0 -12499 32767 3289 32767 -32768 9779 -32768 12223 -27006 23793 20733 -23570 32767 -7238 -8151 -3401 0 2 0 2 1 0 1 0 0 0 0 0 2 0 0 0
32 0 0 0 0 0 0 0 0 0 0 0 0 0 0 0 0 -32069 27272 -26860 28029 32767 12018 -32768 9071 32767 991 -19668 16725 -24727 -12420 -4418 -27690 0 0 0 0 2 0 1 0 2 0 0 0 0 0 0 0
33 0 0 0 0 0 0 0 0 0 0 0 0 0 0 0 0 -32072 -18913 -3589 -14607 -22781 -26396 28341 23762 184 -24380 7202 32767 -7948 -1540 -32768 -7356 0 0 0 0 0 0 0 0 0 0 0 2 0 0 1 0
34 0 0 0 0 0 0 0 0 0 0 0 0 0 0 0 0 0 0 0 0 0 0 0 0 0 0 0 0 0 0 0 0 0 0 0 0 0 0 0 0 0 0 0 0 0 0 0 0
35 0 0 0 0 0 0 0 0 0 0 0 0 0 0 0 0 0 0 0 0 0 0 0 0 0 0 0 0 0 0 0 0 0 0 0 0 0 0 0 0 0 0 0 0 0 0 0 0
36 0 0 0 0 0 0 0 0 0 0 0 0 0 0 0 0 0 0 0 0 0 0 0 0 0 0 0 0 0 0 0 0 0 0 0 0 0 0 0 0 0 0 0 0 0 0 0 0
37 12345 -9876 12345 -9876 12345 -9876 12345 -9876 12345 -9876 12345 -9876 12345 -9876 12345 -9876 -4207 3141 5529 -9303 -10968 -5574 -6608 -12932 1444 -1662 -17336 -304 -2362 -13017 13987 -2932 0 0 0 0 0 0 0 0 0 0 0 0 0 0 0 0
38 12345 -9876 12345 -9876 12345 -9876 12345 -9876 12345 -9876 12345 -9876 12345 -9876 12345 -9876 6692 927 698 -21869 -13244 2231 6620 -12407 19210 -502 -18767 -1735 13380 -11037 20318 -9042 0 0 0 0 0 0 0 0 0 0 0 0 0 0 0 0
39 12345 -9876 12345 -9876 12345 -9876 12345 -9876 12345 -9876 12345 -9876 12345 -9876 12345 -9876 11428 -2701 -18755 -26509 -14503 8770 7526 3147 10493 -624 -21721 -12229 13665 -3140 24151 -22946 0 0 0 0 0 0 0 0 0 0 0 0 0 0 0 0
40 12345 -9876 12345 -9876 12345 -9876 12345 -9876 12345 -9876 12345 -9876 12345 -9876 12345 -9876 7682 -14926 -14791 -19350 -32768 7919 7572 14487 14309 6471 -28997 -17133 5029 2978 32767 -21110 0 0 0 0 1 0 0 0 0 0 0 0 0 0 2 0
41 12345 -9876 12345 -9876 12345 -9876 12345 -9876 12345 -9876 12345 -9876 12345 -9876 12345 -9876 15353 -20928 -20612 -16964 -32768 26311 17525 12433 8589 12129 -18981 -27090 7509 -12749 21910 -19444 0 0 0 0 1 0 0 0 0 0 0 0 0 0 0 0
42 12345 -9876 12345 -9876 12345 -9876 12345 -9876 12345 -9876 12345 -9876 12345 -9876 12345 -9876 12669 -32768 -22173 -409 -32768 32767 31119 18830 2599 27360 -5016 -18067 -2332 -15802 19566 -27189 0 1 0 0 1 2 0 0 0 0 0 0 0 0 0 0
43 12345 -9876 12345 -9876 12345 -9876 12345 -9876 12345 -9876 12345 -9876 12345 -9876 12345 -9876 17542 -32768 -30723 -8685 -32768 32767 32767 -1740 -7078 32767 -21021 -19738 -23687 -18327 10036 -27974 0 1 0 0 1 2 2 0 0 2 0 0 0 0 0 0
44 12345 -9876 12345 -9876 12345 -9876 12345 -9876 12345 -9876 12345 -9876 12345 -9876 12345 -9876 9934 -32768 -29584 -24038 -32768 32767 32767 -11561 -8493 18601 -25337 -669 -2929 -14886 4162 -23524 0 1 0 0 1 2 2 0 0 0 0 0 0 0 0 0
45 12345 -9876 12345 -9876 12345 -9876 12345 -9876 12345 -9876 12345 -9876 12345 -9876 12345 -9876 -4209 -32768 -19300 -16165 -32768 32767 32666 -18115 -5997 6030 -18478 -5987 -11860 -9161 3534 -8912 0 1 0 0 1 2 0 0 0 0 0 0 0 0 0 0
46 12345 -9876 12345 -9876 12345 -9876 12345 -9876 12345 -9876 12345 -9876 12345 -9876 12345 -9876 -19931 -32768 -32768 -11208 -32768 24476 32209 -15094 -11682 -247 -2885 -3482 -17693 -2083 9169 -13276 0 1 1 0 1 0 0 0 0 0 0 0 0 0 0 0
47 12345 -9876 12345 -9876 12345 -9876 12345 -9876 12345 -9876 12345 -9876 12345 -9876 12345 -9876 -32768 -32768 -16924 -13582 -32768 30216 32767 -5419 -785 -455 -14830 2218 -17197 -9724 27324 -8200 1 1 0 0 1 0 2 0 0 0 0 0 0 0 0 0
48 12345 -9876 12345 -9876 12345 -9876 12345 -9876 12345 -9876 12345 -9876 12345 -9876 12345 -9876 -32768 -32768 -25575 -45 -32768 22752 32767 -2464 -2891 -13313 -19813 13519 -20933 -15875 32436 -18645 1 1 0 0 1 0 2 0 0 0 0 0 0 0 0 0
49 12345 -9876 12345 -9876 12345 -9876 12345 -9876 12345 -9876 12345 -9876 12345 -9876 12345 -9876 -32768 -32768 -32768 -4205 -32768 24365 32767 -4666 -5920 1003 -11178 7327 -2358 -17198 32767 -18354 1 1 1 0 1 0 2 0 0 0 0 0 0 0 2 0
50 12345 -9876 12345 -9876 12345 -9876 12345 -9876 12345 -9876 12345 -9876 12345 -9876 12345 -9876 -32768 -32768 -32768 11340 -32768 25670 32767 -2079 -15973 8053 -3260 116 11611 -18130 32767 -19814 1 1 1 0 1 0 2 0 0 0 0 0 0 0 2 0
51 12345 -9876 12345 -9876 12345 -9876 12345 -9876 12345 -9876 12345 -9876 12345 -9876 12345 -9876 -32768 -32768 -32768 19831 -32768 31387 16335 -934 -2033 9942 -10559 5046 3695 -23273 32767 -29369 1 1 1 0 1 0 0 0 0 0 0 0 0 0 2 0
52 12345 -9876 12345 -9876 12345 -9876 12345 -9876 12345 -9876 12345 -9876 12345 -9876 12345 -9876 -32768 -32768 -32768 14744 -32768 21578 25050 8191 -1052 1682 -10287 24846 1058 -24094 31060 -32768 1 1 1 0 1 0 0 0 0 0 0 0 0 0 0 1
53 12345 -9876 12345 -9876 12345 -9876 12345 -9876 12345 -9876 12345 -9876 12345 -9876 12345 -9876 -32768 -32768 -32768 14744 -32768 21578 25050 8191 -1052 1682 -10287 24846 1058 -24094 31060 -32768 1 1 1 0 1 0 0 0 0 0 0 0 0 0 0 1
54 12345 -9876 12345 -9876 12345 -9876 12345 -9876 12345 -9876 12345 -9876 12345 -9876 12345 -9876 -32768 -32768 -32768 14744 -32768 21578 25050 8191 -1052 1682 -10287 24846 1058 -24094 31060 -32768 1 1 1 0 1 0 0 0 0 0 0 0 0 0 0 1
55 24576 0 24104 4795 22705 9405 20434 13654 17378 17378 13654 20434 9405 22705 4795 24104 -32768 -32768 -32768 21309 -32768 8037 32767 5256 320 5291 9826 -1661 23877 -8973 11110 -8765 1 1 1 0 1 0 2 0 0 0 0 0 0 0 0 0
56 0 24576 -4795 24104 -9405 22705 -13654 20434 -17378 17378 -20434 13654 -22705 9405 -24104 4795 -32768 -32768 -32768 32767 -32768 21466 32767 32767 -20950 32648 32767 27332 -24193 30048 -6757 -16910 1 1 1 2 1 0 2 2 0 0 2 0 0 0 0 0
57 -24576 0 -24104 -4795 -22705 -9405 -20434 -13654 -17378 -17378 -13654 -20434 -9405 -22705 -4795 -24104 -32768 -32768 -32768 26318 -32768 22777 -32768 32767 -32768 -11870 27330 32767 -32768 -32768 16208 -12412 1 1 1 0 1 0 1 2 1 0 0 2 1 1 0 0
58 0 -24576 4795 -24104 9405 -22705 13654 -20434 17378 -17378 20434 -13654 22705 -9405 24104 -4795 -32768 -32768 -22281 32767 -32768 -24242 -29259 -32768 -11491 -29447 1234 32767 5493 -32768 -12361 11277 1 1 0 2 1 0 0 1 0 0 0 2 0 1 0 0
59 24576 0 24104 4795 22705 9405 20434 13654 17378 17378 13654 20434 9405 22705 4795 24104 -32768 -32768 -32768 32767 -15194 -15067 32767 -32768 5295 -14443 17504 32767 32767 8626 -6887 -32768 1 1 1 2 0 0 2 1 0 0 0 2 2 0 0 1
60 0 24576 -4795 24104 -9405 22705 -13654 20434 -17378 17378 -20434 13654 -22705 9405 -24104 4795 -32768 -28566 -32768 21553 -32768 -4246 23790 32767 -24216 -17382 -20468 32767 -7765 32767 32767 -19640 1 0 1 0 1 0 0 2 0 0 0 2 0 2 2 0
61 -24576 0 -24104 -4795 -22705 -9405 -20434 -13654 -17378 -17378 -13654 -20434 -9405 -22705 -4795 -24104 -32768 -11737 -21856 -22133 -32768 -32397 -32768 32589 -13772 -32768 -13788 4822 -32768 -32768 32767 22415 1 0 0 0 1 0 1 0 0 1 0 0 1 1 2 0
62 0 -24576 4795 -24104 9405 -22705 13654 -20434 17378 -17378 20434 -13654 22705 -9405 24104 -4795 -32768 -2417 32767 19649 -10360 -32768 -20480 -24625 32767 -32768 25852 -8230 31817 -32768 -2578 768 1 0 2 0 0 1 0 0 2 1 0 0 0 1 0 0
63 24576 0 24104 4795 22705 9405 20434 13654 17378 17378 13654 20434 9405 22705 4795 24104 -32768 -19235 -8097 32767 31273 -14938 32767 6089 32767 32767 32767 32767 32767 -2916 -2532 -32768 1 0 0 2 0 0 2 0 2 2 2 2 2 0 0 1
64 0 24576 -4795 24104 -9405 22705 -13654 20434 -17378 17378 -20434 13654 -22705 9405 -24104 4795 -32768 -32768 -32768 32767 3744 23760 8367 32767 -32768 32767 -32768 32767 -1311 -1381 32767 -32768 1 1 1 2 0 0 0 2 1 2 1 2 0 0 2 1
65 -24576 0 -24104 -4795 -22705 -9405 -20434 -13654 -17378 -17378 -13654 -20434 -9405 -22705 -4795 -24104 -15982 -22722 -20486 -32768 -32768 20503 -32768 32767 -32646 -31594 -32768 -24718 8820 -30386 2897 32767 0 0 0 1 1 0 1 2 0 0 1 0 0 0 0 2
66 0 -24576 4795 -24104 9405 -22705 13654 -20434 17378 -17378 20434 -13654 22705 -9405 24104 -4795 -24401 5844 32767 28103 -32768 -32768 -32768 -24867 32767 -22845 32767 -32768 32767 -20571 -32768 -764 0 0 2 0 1 1 1 0 2 0 2 1 2 0 1 0
67 24576 0 24104 4795 22705 9405 20434 13654 17378 17378 13654 20434 9405 22705 4795 24104 -20543 241 -30265 32767 32767 -21240 12876 -17449 20070 32767 32767 32767 9706 32767 -32768 -32768 0 0 0 2 2 0 0 0 0 2 2 2 0 2 1 1
68 0 24576 -4795 24104 -9405 22705 -13654 20434 -17378 17378 -20434 13654 -22705 9405 -24104 4795 -28689 20375 -32768 -582 10423 23203 10672 26383 -32768 -5491 -32768 32767 -32768 21586 28959 -32768 0 0 1 0 0 0 0 0 1 0 1 2 1 0 0 1
69 -24576 0 -24104 -4795 -22705 -9405 -20434 -13654 -17378 -17378 -13654 -20434 -9405 -22705 -4795 -24104 -32768 -16047 -16954 -32768 -31074 16808 -17416 3086 -425 -32768 -32768 -26749 -19084 -32768 28341 32767 1 0 0 1 0 0 0 0 0 1 1 0 0 1 0 2
70 0 -24576 4795 -24104 9405 -22705 13654 -20434 17378 -17378 20434 -13654 22705 -9405 24104 -4795 3491 -32768 32767 -22174 -18307 -32768 -3389 -8931 32767 -1308 15846 -32768 32767 -20029 -32768 26892 0 1 2 0 0 1 0 0 2 0 0 1 2 0 1 0
71 24576 0 24104 4795 22705 9405 20434 13654 17378 17378 13654 20434 9405 22705 4795 24104 32767 3491 22174 32767 32767 -18307 8931 -3389 1308 32767 32767 15846 20029 32767 -26892 -32768 2 0 0 2 2 0 0 0 0 2 2 0 0 2 0 1
72 0 24576 -4795 24104 -9405 22705 -13654 20434 -17378 17378 -20434 13654 -22705 9405 -24104 4795 -3491 32767 -32768 22174 18307 32767 3389 8931 -32768 1308 -15846 32767 -32768 20029 32767 -26892 0 2 1 0 0 2 0 0 1 0 0 2 1 0 2 0
73 -24576 0 -24104 -4795 -22705 -9405 -20434 -13654 -17378 -17378 -13654 -20434 -9405 -22705 -4795 -24104 -32768 -3491 -22174 -32768 -32768 18307 -8931 3389 -1308 -32768 -32768 -15846 -20029 -32768 26892 32767 1 0 0 1 1 0 0 0 0 1 1 0 0 1 0 2
74 0 -24576 4795 -24104 9405 -22705 13654 -20434 17378 -17378 20434 -13654 22705 -9405 24104 -4795 3491 -32768 32767 -22174 -18307 -32768 -3389 -8931 32767 -1308 15846 -32768 32767 -20029 -32768 26892 0 1 2 0 0 1 0 0 2 0 0 1 2 0 1 0
75 24576 0 24104 4795 22705 9405 20434 13654 17378 17378 13654 20434 9405 22705 4795 24104 32767 3491 22174 32767 32767 -18307 8931 -3389 1308 32767 32767 15846 20029 32767 -26892 -32768 2 0 0 2 2 0 0 0 0 2 2 0 0 2 0 1
76 0 24576 -4795 24104 -9405 22705 -13654 20434 -17378 17378 -20434 13654 -22705 9405 -24104 4795 -3491 32767 -32768 22174 18307 32767 3389 8931 -32768 1308 -15846 32767 -32768 20029 32767 -26892 0 2 1 0 0 2 0 0 1 0 0 2 1 0 2 0
77 -24576 0 -24104 -4795 -22705 -9405 -20434 -13654 -17378 -17378 -13654 -20434 -9405 -22705 -4795 -24104 -32768 -3491 -22174 -32768 -32768 18307 -8931 3389 -1308 -32768 -32768 -15846 -20029 -32768 26892 32767 1 0 0 1 1 0 0 0 0 1 1 0 0 1 0 2
78 0 -24576 4795 -24104 9405 -22705 13654 -20434 17378 -17378 20434 -13654 22705 -9405 24104 -4795 3491 -32768 32767 -22174 -18307 -32768 -3389 -8931 32767 -1308 15846 -32768 32767 -20029 -32768 26892 0 1 2 0 0 1 0 0 2 0 0 1 2 0 1 0
79 24576 0 24104 4795 22705 9405 20434 13654 17378 17378 13654 20434 9405 22705 4795 24104 32767 3491 22174 32767 32767 -18307 8931 -3389 1308 32767 32767 15846 20029 32767 -26892 -32768 2 0 0 2 2 0 0 0 0 2 2 0 0 2 0 1
80 0 24576 -4795 24104 -9405 22705 -13654 20434 -17378 17378 -20434 13654 -22705 9405 -24104 4795 -3491 32767 -32768 22174 18307 32767 3389 8931 -32768 1308 -15846 32767 -32768 20029 32767 -26892 0 2 1 0 0 2 0 0 1 0 0 2 1 0 2 0
81 -24576 0 -24104 -4795 -22705 -9405 -20434 -13654 -17378 -17378 -13654 -20434 -9405 -22705 -4795 -24104 -32768 -3491 -22174 -32768 -32768 18307 -8931 3389 -1308 -32768 -32768 -15846 -20029 -32768 26892 32767 1 0 0 1 1 0 0 0 0 1 1 0 0 1 0 2
82 0 -24576 4795 -24104 9405 -22705 13654 -20434 17378 -17378 20434 -13654 22705 -9405 24104 -4795 3491 -32768 32767 -22174 -18307 -32768 -3389 -8931 32767 -1308 15846 -32768 32767 -20029 -32768 26892 0 1 2 0 0 1 0 0 2 0 0 1 2 0 1 0
83 24576 0 24104 4795 22705 9405 20434 13654 17378 17378 13654 20434 9405 22705 4795 24104 32767 3491 22174 32767 32767 -18307 8931 -3389 1308 32767 32767 15846 20029 32767 -26892 -32768 2 0 0 2 2 0 0 0 0 2 2 0 0 2 0 1
84 0 24576 -4795 24104 -9405 22705 -13654 20434 -17378 17378 -20434 13654 -22705 9405 -24104 4795 -3491 32767 -32768 22174 18307 32767 3389 8931 -32768 1308 -15846 32767 -32768 20029 32767 -26892 0 2 1 0 0 2 0 0 1 0 0 2 1 0 2 0
85 -24576 0 -24104 -4795 -22705 -9405 -20434 -13654 -17378 -17378 -13654 -20434 -9405 -22705 -4795 -24104 -32768 -3491 -22174 -32768 -32768 18307 -8931 3389 -1308 -32768 -32768 -15846 -20029 -32768 26892 32767 1 0 0 1 1 0 0 0 0 1 1 0 0 1 0 2
86 0 -24576 4795 -24104 9405 -22705 13654 -20434 17378 -17378 20434 -13654 22705 -9405 24104 -4795 3491 -32768 32767 -22174 -18307 -32768 -3389 -8931 32767 -1308 15846 -32768 32767 -20029 -32768 26892 0 1 2 0 0 1 0 0 2 0 0 1 2 0 1 0
87 24576 0 24104 4795 22705 9405 20434 13654 17378 17378 13654 20434 9405 22705 4795 24104 32767 3491 22174 32767 32767 -18307 8931 -3389 1308 32767 32767 15846 20029 32767 -26892 -32768 2 0 0 2 2 0 0 0 0 2 2 0 0 2 0 1
88 0 24576 -4795 24104 -9405 22705 -13654 20434 -17378 17378 -20434 13654 -22705 9405 -24104 4795 -3491 32767 -32768 22174 18307 32767 3389 8931 -32768 1308 -15846 32767 -32768 20029 32767 -26892 0 2 1 0 0 2 0 0 1 0 0 2 1 0 2 0
89 -24576 0 -24104 -4795 -22705 -9405 -20434 -13654 -17378 -17378 -13654 -20434 -9405 -22705 -4795 -24104 -32768 -3491 -22174 -32768 -32768 18307 -8931 3389 -1308 -32768 -32768 -15846 -20029 -32768 26892 32767 1 0 0 1 1 0 0 0 0 1 1 0 0 1 0 2
90 0 -24576 4795 -24104 9405 -22705 13654 -20434 17378 -17378 20434 -13654 22705 -9405 24104 -4795 3491 -32768 32767 -22174 -18307 -32768 -3389 -8931 32767 -1308 15846 -32768 32767 -20029 -32768 26892 0 1 2 0 0 1 0 0 2 0 0 1 2 0 1 0
91 32767 32767 32767 32767 32767 32767 32767 32767 32767 32767 32767 32767 32767 32767 32767 32767 32767 -7476 32767 32767 32767 -32768 28406 -10959 3802 32767 32767 -7947 32767 32767 -7860 -15162 2 0 2 2 2 1 0 0 0 2 2 0 2 2 0 0
92 32767 32767 32767 32767 32767 32767 32767 32767 32767 32767 32767 32767 32767 32767 32767 32767 -19678 32767 -23555 18854 741 883 20373 -11707 -32768 26645 -32768 32767 -23380 12330 32767 22225 0 2 0 0 0 0 0 0 1 0 1 2 0 0 2 0
93 32767 32767 32767 32767 32767 32767 32767 32767 32767 32767 32767 32767 32767 32767 32767 32767 -32768 13077 32767 -32768 -32768 -31073 32767 -3620 32767 -10156 -32768 -32768 32767 -18081 32767 32767 1 0 2 1 1 0 2 0 2 0 1 1 2 0 2 2
94 32767 32767 32767 32767 32767 32767 32767 32767 32767 32767 32767 32767 32767 32767 32767 32767 32767 -32768 32767 -32768 -29343 -32768 3593 32767 32767 32767 32767 -32768 32767 32767 32767 32767 2 1 2 1 0 1 0 2 2 2 2 1 2 2 2 2
95 32767 32767 32767 32767 32767 32767 32767 32767 32767 32767 32767 32767 32767 32767 32767 32767 32767 32767 32767 3251 -32768 -32768 -32768 32767 -32768 32767 32767 -32768 -32768 32767 32767 32767 2 2 2 0 1 1 1 2 1 2 2 1 1 2 2 2
