# pfb vector file
# schema: 1
# kind: pfb_io
# set: max
# phases: 4
# taps: 8
# coeff_file: pfb_max_p4t8.coeff
# seed: 2096826602
# rounding_mode: nearest_even
# acc_w: 36
# count: 96
# generator: scripts/generate_coefficients.py
# reference: model/python/pfb_model.py (NumPy, independent)
# the model starts from an all-zero history at beat 0
# f* is the packed saturation flag word: sat_pos<<1 | sat_neg
# columns: beat x0_re x0_im x1_re x1_im x2_re x2_im x3_re x3_im y0_re y0_im y1_re y1_im y2_re y2_im y3_re y3_im f0_re f0_im f1_re f1_im f2_re f2_im f3_re f3_im
0 0 0 0 0 0 0 0 0 0 0 0 0 0 0 0 0 0 0 0 0 0 0 0 0
1 0 0 0 0 0 0 0 0 0 0 0 0 0 0 0 0 0 0 0 0 0 0 0 0
2 0 0 0 0 0 0 0 0 0 0 0 0 0 0 0 0 0 0 0 0 0 0 0 0
3 0 0 0 0 0 0 0 0 0 0 0 0 0 0 0 0 0 0 0 0 0 0 0 0
4 0 0 0 0 0 0 0 0 0 0 0 0 0 0 0 0 0 0 0 0 0 0 0 0
5 0 0 0 0 0 0 0 0 0 0 0 0 0 0 0 0 0 0 0 0 0 0 0 0
6 0 0 0 0 0 0 0 0 0 0 0 0 0 0 0 0 0 0 0 0 0 0 0 0
7 0 0 0 0 0 0 0 0 0 0 0 0 0 0 0 0 0 0 0 0 0 0 0 0
8 0 0 0 0 0 0 0 0 0 0 0 0 0 0 0 0 0 0 0 0 0 0 0 0
9 0 0 0 0 0 0 0 0 0 0 0 0 0 0 0 0 0 0 0 0 0 0 0 0
10 32767 -32768 32767 -32768 32767 -32768 32767 -32768 -2 -32768 -2 -32768 -2 -32768 -2 -32768 0 1 0 1 0 1 0 1
11 0 0 0 0 0 0 0 0 0 32767 0 32767 0 32767 0 32767 0 2 0 2 0 2 0 2
12 0 0 0 0 0 0 0 0 -2 -32768 -2 -32768 -2 -32768 -2 -32768 0 1 0 1 0 1 0 1
13 0 0 0 0 0 0 0 0 0 32767 0 32767 0 32767 0 32767 0 2 0 2 0 2 0 2
14 0 0 0 0 0 0 0 0 -2 -32768 -2 -32768 -2 -32768 -2 -32768 0 1 0 1 0 1 0 1
15 0 0 0 0 0 0 0 0 0 32767 0 32767 0 32767 0 32767 0 2 0 2 0 2 0 2
16 0 0 0 0 0 0 0 0 -2 -32768 -2 -32768 -2 -32768 -2 -32768 0 1 0 1 0 1 0 1
17 0 0 0 0 0 0 0 0 0 32767 0 32767 0 32767 0 32767 0 2 0 2 0 2 0 2
18 0 0 0 0 0 0 0 0 0 0 0 0 0 0 0 0 0 0 0 0 0 0 0 0
19 0 0 0 0 0 0 0 0 0 0 0 0 0 0 0 0 0 0 0 0 0 0 0 0
20 0 0 0 0 0 0 0 0 0 0 0 0 0 0 0 0 0 0 0 0 0 0 0 0
21 12345 -9876 12345 -9876 12345 -9876 12345 -9876 2469 -22221 2469 -22221 2469 -22221 2469 -22221 0 0 0 0 0 0 0 0
22 12345 -9876 12345 -9876 12345 -9876 12345 -9876 -1 0 -1 0 -1 0 -1 0 0 0 0 0 0 0 0 0
23 12345 -9876 12345 -9876 12345 -9876 12345 -9876 2468 -22221 2468 -22221 2468 -22221 2468 -22221 0 0 0 0 0 0 0 0
24 12345 -9876 12345 -9876 12345 -9876 12345 -9876 -1 0 -1 0 -1 0 -1 0 0 0 0 0 0 0 0 0
25 12345 -9876 12345 -9876 12345 -9876 12345 -9876 2467 -22221 2467 -22221 2467 -22221 2467 -22221 0 0 0 0 0 0 0 0
26 12345 -9876 12345 -9876 12345 -9876 12345 -9876 -2 0 -2 0 -2 0 -2 0 0 0 0 0 0 0 0 0
27 12345 -9876 12345 -9876 12345 -9876 12345 -9876 2467 -22221 2467 -22221 2467 -22221 2467 -22221 0 0 0 0 0 0 0 0
28 12345 -9876 12345 -9876 12345 -9876 12345 -9876 -3 0 -3 0 -3 0 -3 0 0 0 0 0 0 0 0 0
29 12345 -9876 12345 -9876 12345 -9876 12345 -9876 -3 0 -3 0 -3 0 -3 0 0 0 0 0 0 0 0 0
30 12345 -9876 12345 -9876 12345 -9876 12345 -9876 -3 0 -3 0 -3 0 -3 0 0 0 0 0 0 0 0 0
31 24576 0 22705 9405 17378 17378 9405 22705 22104 -2356 29638 8920 32284 22220 29638 32767 0 0 0 0 0 0 0 2
32 0 24576 -9405 22705 -17378 17378 -22705 9405 -2 32767 -18811 32767 -32768 32767 -32768 18809 0 2 0 2 1 2 1 0
33 -24576 0 -22705 -9405 -17378 -17378 -9405 -22705 -27046 -2356 -15770 -9889 -2470 -12535 10830 -9889 0 0 0 0 0 0 0 0
34 0 -24576 9405 -22705 17378 -17378 22705 -9405 -1 0 -1 0 -1 0 -1 0 0 0 0 0 0 0 0 0
35 24576 0 22705 9405 17378 17378 9405 22705 22105 -2355 29639 8920 32285 22220 29640 32767 0 0 0 0 0 0 0 2
36 0 24576 -9405 22705 -17378 17378 -22705 9405 -1 32767 -18810 32767 -32768 32767 -32768 18809 0 2 0 2 1 2 1 0
37 -24576 0 -22705 -9405 -17378 -17378 -9405 -22705 -27045 -2355 -15769 -9889 -2469 -12535 10831 -9889 0 0 0 0 0 0 0 0
38 0 -24576 9405 -22705 17378 -17378 22705 -9405 0 0 0 0 0 0 0 0 0 0 0 0 0 0 0 0
39 24576 0 22705 9405 17378 17378 9405 22705 0 0 0 0 0 0 0 0 0 0 0 0 0 0 0 0
40 0 24576 -9405 22705 -17378 17378 -22705 9405 0 0 0 0 0 0 0 0 0 0 0 0 0 0 0 0
41 -24576 0 -22705 -9405 -17378 -17378 -9405 -22705 0 0 0 0 0 0 0 0 0 0 0 0 0 0 0 0
42 0 -24576 9405 -22705 17378 -17378 22705 -9405 0 0 0 0 0 0 0 0 0 0 0 0 0 0 0 0
43 24576 0 22705 9405 17378 17378 9405 22705 0 0 0 0 0 0 0 0 0 0 0 0 0 0 0 0
44 0 24576 -9405 22705 -17378 17378 -22705 9405 0 0 0 0 0 0 0 0 0 0 0 0 0 0 0 0
45 -24576 0 -22705 -9405 -17378 -17378 -9405 -22705 0 0 0 0 0 0 0 0 0 0 0 0 0 0 0 0
46 0 -24576 9405 -22705 17378 -17378 22705 -9405 0 0 0 0 0 0 0 0 0 0 0 0 0 0 0 0
47 24576 0 22705 9405 17378 17378 9405 22705 0 0 0 0 0 0 0 0 0 0 0 0 0 0 0 0
48 0 24576 -9405 22705 -17378 17378 -22705 9405 0 0 0 0 0 0 0 0 0 0 0 0 0 0 0 0
49 -24576 0 -22705 -9405 -17378 -17378 -9405 -22705 0 0 0 0 0 0 0 0 0 0 0 0 0 0 0 0
50 0 -24576 9405 -22705 17378 -17378 22705 -9405 0 0 0 0 0 0 0 0 0 0 0 0 0 0 0 0
51 32767 32767 32767 32767 32767 32767 32767 32767 32767 24575 32767 13299 30778 0 32767 -13300 2 0 2 0 0 0 2 0
52 32767 32767 32767 32767 32767 32767 32767 32767 0 -32768 18809 -32768 32767 -32768 32767 -18811 0 1 0 1 2 1 2 0
53 32767 32767 32767 32767 32767 32767 32767 32767 32767 24573 32767 32107 32767 32767 32767 32106 2 0 2 0 2 2 2 0
54 32767 32767 32767 32767 32767 32767 32767 32767 0 -4 0 -4 0 -4 0 -4 0 0 0 0 0 0 0 0
55 32767 32767 32767 32767 32767 32767 32767 32767 32767 24571 32767 13295 30778 -4 32767 -13304 2 0 2 0 0 0 2 0
56 -32768 -32768 -32768 -32768 -32768 -32768 -32768 -32768 -32768 -32768 -32768 -32768 -32768 -32768 -32768 -18813 1 1 1 1 1 1 1 0
57 -32768 -32768 -32768 -32768 -32768 -32768 -32768 -32768 32767 24573 32767 32107 32767 32767 32767 32106 2 0 2 0 2 2 2 0
58 -32768 -32768 -32768 -32768 -32768 -32768 -32768 -32768 -32768 -2 -32768 -2 -32768 -2 -32768 -2 1 0 1 0 1 0 1 0
59 -32768 -32768 -32768 -32768 -32768 -32768 -32768 -32768 0 0 0 0 0 0 0 0 0 0 0 0 0 0 0 0
60 -32768 -32768 -32768 -32768 -32768 -32768 -32768 -32768 -32768 2 -32768 2 -32768 2 -32768 2 1 0 1 0 1 0 1 0
61 -12234 -18406 -23835 -17906 6260 -14246 31770 7011 32767 -6168 23795 5933 32767 -20503 32767 -24756 2 0 0 0 2 0 2 0
62 16234 -29611 -3725 10604 -18793 20615 22721 -2242 -32768 -32768 -32768 8404 -32768 32767 -32768 -201 1 1 1 0 1 2 1 0
63 23879 -28198 -15729 31336 23110 8011 -23504 -26409 32767 -12398 32524 32767 32767 -32768 32767 -2696 2 0 0 2 2 1 2 0
64 16662 25180 -20285 7079 32493 -7899 32420 -6466 32767 20926 19808 -11296 3280 32767 32767 -32768 2 0 0 0 0 2 2 1
65 19817 1211 -14022 30341 22394 -20020 -22307 14774 23138 -32768 32767 32767 32767 -32768 437 32767 0 1 2 2 2 1 0 2
66 19962 -5196 -25688 -11074 -20679 30754 633 10976 32767 14371 -32768 -32768 10981 32767 32767 -32768 2 0 1 1 0 2 2 1
67 6601 11665 14611 10529 22016 19176 -5496 -24026 26638 -9306 32767 32767 32767 -32768 -32768 32767 0 0 2 2 2 1 1 2
68 -31722 -5521 -30741 -20616 1390 -30123 -14697 8424 1651 32767 -32768 -26841 -32768 32767 32767 -21272 0 2 1 0 1 2 2 0
69 -3298 -19490 -22670 -10362 -18519 9540 14168 -24132 6197 -32768 32767 32767 32767 -32768 -32768 7732 0 1 2 2 2 1 1 0
70 -14765 17683 17915 -31584 25893 16831 -15584 -6944 10095 32767 -32768 -32768 -17049 2758 32767 25873 0 2 1 1 0 0 2 0
71 20130 16320 1041 -13979 30783 27771 32447 2169 30673 -32768 32767 32767 32767 9325 -21165 -32768 0 1 2 2 2 0 0 1
72 -5306 13503 21430 8584 -9419 23604 -26488 -8453 -32768 32767 -32768 -32768 -32768 32767 -32768 32767 1 2 1 1 1 2 1 2
73 15191 26660 20130 13547 -22389 12096 6542 -29399 32767 -32768 32767 24230 32767 12809 24405 -32768 2 1 2 0 2 0 0 1
74 -23637 31609 32243 -9409 -10402 -32265 21189 -7390 -32768 32767 -25026 -32768 -32768 -32768 -22217 32767 1 2 0 1 1 1 0 2
75 20216 21851 -17377 -2153 10240 22878 18608 -3817 32767 -32768 -19646 32767 32767 32767 32767 -32768 2 1 0 2 2 2 2 1
76 -20316 -9518 31398 10536 31996 22332 30966 30938 -32768 32767 32767 -32768 -3829 -32768 1646 32767 1 2 2 1 0 1 0 2
77 5683 -25943 2635 17638 -12680 645 -23763 32196 32767 -32768 -32768 32767 775 32767 16748 -30753 2 1 1 2 0 2 0 0
78 -15718 8953 -11434 -14313 4923 30317 -3769 5577 -32768 32767 32767 -32768 -8257 -30548 7586 31457 1 2 2 1 0 0 0 0
79 -12732 8707 4385 5675 -3272 -18817 14272 18666 32767 -32768 -24555 32767 -32768 18012 -9265 3212 2 1 0 2 1 0 0 0
80 31486 -20675 12676 -14395 16165 5898 5072 10173 -32768 32767 -7179 -32768 32767 -32768 32767 -16149 1 2 0 1 2 1 2 0
81 12412 -9287 2994 -14816 -10530 19427 -13278 4649 32767 -32768 -32768 32767 -32768 32767 -32768 32767 2 1 1 2 1 2 1 2
82 -4705 5277 -18170 -3468 -12090 -8166 24646 13323 -32768 23541 -6151 -32768 32767 -30989 32767 -32768 1 0 0 1 2 0 2 1
83 3641 29292 -6742 31985 -11203 20563 5146 -16016 32767 475 32767 32767 -32768 32767 -32768 32767 2 0 2 2 1 2 1 2
84 -27407 8505 -1553 3960 -8660 18223 16525 1808 -26056 24639 -32768 -32768 32767 -13569 32767 -32768 0 0 1 1 2 0 2 1
85 17707 21965 -25969 -27564 -9201 -20337 -19440 26015 32767 11244 16645 30348 -32768 -10892 -32768 32767 2 0 0 0 1 0 1 2
86 -15023 17842 8388 2636 26606 -29207 11064 32564 -32768 -3052 20126 -32768 32767 -32768 32767 -32768 1 0 0 1 2 1 2 1
87 -13318 -30173 27201 28630 25458 -17474 -21340 -4702 32767 -32768 25645 32767 -12066 32767 -32768 32767 2 1 0 2 0 2 1 2
88 -28452 15335 -27974 14390 13783 -31148 -14781 6818 -32768 32767 -32768 32767 -27363 -32768 32767 -32768 1 2 1 2 0 1 2 1
89 20871 -28571 -27030 12841 14404 -6653 -23967 15803 32767 -32768 32767 21605 26214 26578 -32768 32767 2 1 2 0 0 0 1 2
90 724 25384 -15925 -28678 -4541 13629 22260 32142 -24504 32767 -32768 -32768 3126 -12332 32767 -32768 0 2 1 1 0 0 2 1
91 -20503 -21144 -23579 7524 13446 12694 11405 -5873 -32768 -32768 16811 32767 13650 -20186 -32768 32767 1 1 0 2 0 0 1 2
92 24615 -19599 13470 25424 3829 17710 6810 -15735 32767 32767 19678 -32768 -1678 7184 32767 -32768 2 2 0 1 0 0 2 1
93 -16454 -19550 -32549 7384 -12294 3756 10068 -10791 -32768 -32768 8693 32767 22674 20001 -32768 -12166 1 1 0 2 0 0 1 0
94 -27708 -17155 2943 -24121 -24135 -6832 -19911 1168 32767 32767 -32768 -32768 -32768 32767 32767 11744 2 2 1 1 1 2 2 0
95 -1927 -25190 -6618 -3951 9883 -601 -31956 26128 -32768 -32768 -25505 32767 32767 -20666 -27952 29701 1 1 0 2 2 0 0 0
