# pfb vector file
# schema: 1
# kind: pfb_io
# set: mixed
# phases: 4
# taps: 8
# coeff_file: pfb_mixed_p4t8.coeff
# seed: 1879477747
# rounding_mode: nearest_even
# acc_w: 36
# count: 96
# generator: scripts/generate_coefficients.py
# reference: model/python/pfb_model.py (NumPy, independent)
# the model starts from an all-zero history at beat 0
# f* is the packed saturation flag word: sat_pos<<1 | sat_neg
# columns: beat x0_re x0_im x1_re x1_im x2_re x2_im x3_re x3_im y0_re y0_im y1_re y1_im y2_re y2_im y3_re y3_im f0_re f0_im f1_re f1_im f2_re f2_im f3_re f3_im
0 0 0 0 0 0 0 0 0 0 0 0 0 0 0 0 0 0 0 0 0 0 0 0 0
1 0 0 0 0 0 0 0 0 0 0 0 0 0 0 0 0 0 0 0 0 0 0 0 0
2 0 0 0 0 0 0 0 0 0 0 0 0 0 0 0 0 0 0 0 0 0 0 0 0
3 0 0 0 0 0 0 0 0 0 0 0 0 0 0 0 0 0 0 0 0 0 0 0 0
4 0 0 0 0 0 0 0 0 0 0 0 0 0 0 0 0 0 0 0 0 0 0 0 0
5 0 0 0 0 0 0 0 0 0 0 0 0 0 0 0 0 0 0 0 0 0 0 0 0
6 0 0 0 0 0 0 0 0 0 0 0 0 0 0 0 0 0 0 0 0 0 0 0 0
7 0 0 0 0 0 0 0 0 0 0 0 0 0 0 0 0 0 0 0 0 0 0 0 0
8 0 0 0 0 0 0 0 0 0 0 0 0 0 0 0 0 0 0 0 0 0 0 0 0
9 0 0 0 0 0 0 0 0 0 0 0 0 0 0 0 0 0 0 0 0 0 0 0 0
10 32767 -32768 32767 -32768 32767 -32768 32767 -32768 -51 51 -208 0 -207 -207 0 -182 0 0 0 0 0 0 0 0
11 0 0 0 0 0 0 0 0 -191 191 -952 0 -953 -953 0 -772 0 0 0 0 0 0 0 0
12 0 0 0 0 0 0 0 0 -741 741 -3396 0 -3215 -3215 0 -2546 0 0 0 0 0 0 0 0
13 0 0 0 0 0 0 0 0 -2506 2506 -12692 0 -15541 -15541 0 -27834 0 0 0 0 0 0 0 0
14 0 0 0 0 0 0 0 0 19681 -19682 21978 0 8975 8975 0 3544 0 0 0 0 0 0 0 0
15 0 0 0 0 0 0 0 0 1801 -1801 4548 0 2401 2401 0 1048 0 0 0 0 0 0 0 0
16 0 0 0 0 0 0 0 0 546 -546 1348 0 673 673 0 270 0 0 0 0 0 0 0 0
17 0 0 0 0 0 0 0 0 128 -128 292 0 147 147 0 72 0 0 0 0 0 0 0 0
18 0 0 0 0 0 0 0 0 0 0 0 0 0 0 0 0 0 0 0 0 0 0 0 0
19 0 0 0 0 0 0 0 0 0 0 0 0 0 0 0 0 0 0 0 0 0 0 0 0
20 0 0 0 0 0 0 0 0 0 0 0 0 0 0 0 0 0 0 0 0 0 0 0 0
21 12345 -9876 12345 -9876 12345 -9876 12345 -9876 -19 15 -71 -8 -62 -78 7 -62 0 0 0 0 0 0 0 0
22 12345 -9876 12345 -9876 12345 -9876 12345 -9876 -91 73 -393 -44 -350 -437 36 -323 0 0 0 0 0 0 0 0
23 12345 -9876 12345 -9876 12345 -9876 12345 -9876 -370 296 -1545 -172 -1319 -1648 132 -1187 0 0 0 0 0 0 0 0
24 12345 -9876 12345 -9876 12345 -9876 12345 -9876 -1314 1052 -5848 -650 -6003 -7503 1180 -10624 0 0 0 0 0 0 0 0
25 12345 -9876 12345 -9876 12345 -9876 12345 -9876 6101 -4880 1604 178 -3298 -4122 1047 -9423 0 0 0 0 0 0 0 0
26 12345 -9876 12345 -9876 12345 -9876 12345 -9876 6779 -5423 3146 350 -2574 -3217 1007 -9067 0 0 0 0 0 0 0 0
27 12345 -9876 12345 -9876 12345 -9876 12345 -9876 6985 -5588 3603 400 -2371 -2964 997 -8976 0 0 0 0 0 0 0 0
28 12345 -9876 12345 -9876 12345 -9876 12345 -9876 7033 -5626 3702 411 -2327 -2908 995 -8951 0 0 0 0 0 0 0 0
29 12345 -9876 12345 -9876 12345 -9876 12345 -9876 7033 -5626 3702 411 -2327 -2908 995 -8951 0 0 0 0 0 0 0 0
30 12345 -9876 12345 -9876 12345 -9876 12345 -9876 7033 -5626 3702 411 -2327 -2908 995 -8951 0 0 0 0 0 0 0 0
31 24576 0 22705 9405 17378 17378 9405 22705 7014 -5642 3730 317 -2155 -2940 1077 -8853 0 0 0 0 0 0 0 0
32 0 24576 -9405 22705 -17378 17378 -22705 9405 6981 -5738 4004 -54 -1362 -2867 1300 -8382 0 0 0 0 0 0 0 0
33 -24576 0 -22705 -9405 -17378 -17378 -9405 -22705 6886 -6066 5066 -1172 1092 -2350 1864 -6907 0 0 0 0 0 0 0 0
34 0 -24576 9405 -22705 17378 -17378 22705 -9405 6611 -7195 8730 -5338 13008 -1547 12594 8323 0 0 0 0 0 0 0 0
35 24576 0 22705 9405 17378 17378 9405 22705 16211 -2482 12958 10181 2352 15305 -8439 12532 0 0 0 0 0 0 0 0
36 0 24576 -9405 22705 -17378 17378 -22705 9405 3341 15076 -8469 13149 -15118 2964 -12587 -8483 0 0 0 0 0 0 0 0
37 -24576 0 -22705 -9405 -17378 -17378 -9405 -22705 -14821 3048 -12715 -8353 -2967 -14953 8464 -12604 0 0 0 0 0 0 0 0
38 0 -24576 9405 -22705 17378 -17378 22705 -9405 -2991 -14870 8424 -12671 14930 -2934 12593 8452 0 0 0 0 0 0 0 0
39 24576 0 22705 9405 17378 17378 9405 22705 14870 -2991 12671 8424 2934 14930 -8452 12593 0 0 0 0 0 0 0 0
40 0 24576 -9405 22705 -17378 17378 -22705 9405 2991 14870 -8424 12671 -14930 2934 -12593 -8452 0 0 0 0 0 0 0 0
41 -24576 0 -22705 -9405 -17378 -17378 -9405 -22705 -14870 2991 -12671 -8424 -2934 -14930 8452 -12593 0 0 0 0 0 0 0 0
42 0 -24576 9405 -22705 17378 -17378 22705 -9405 -2991 -14870 8424 -12671 14930 -2934 12593 8452 0 0 0 0 0 0 0 0
43 24576 0 22705 9405 17378 17378 9405 22705 14870 -2991 12671 8424 2934 14930 -8452 12593 0 0 0 0 0 0 0 0
44 0 24576 -9405 22705 -17378 17378 -22705 9405 2991 14870 -8424 12671 -14930 2934 -12593 -8452 0 0 0 0 0 0 0 0
45 -24576 0 -22705 -9405 -17378 -17378 -9405 -22705 -14870 2991 -12671 -8424 -2934 -14930 8452 -12593 0 0 0 0 0 0 0 0
46 0 -24576 9405 -22705 17378 -17378 22705 -9405 -2991 -14870 8424 -12671 14930 -2934 12593 8452 0 0 0 0 0 0 0 0
47 24576 0 22705 9405 17378 17378 9405 22705 14870 -2991 12671 8424 2934 14930 -8452 12593 0 0 0 0 0 0 0 0
48 0 24576 -9405 22705 -17378 17378 -22705 9405 2991 14870 -8424 12671 -14930 2934 -12593 -8452 0 0 0 0 0 0 0 0
49 -24576 0 -22705 -9405 -17378 -17378 -9405 -22705 -14870 2991 -12671 -8424 -2934 -14930 8452 -12593 0 0 0 0 0 0 0 0
50 0 -24576 9405 -22705 17378 -17378 22705 -9405 -2991 -14870 8424 -12671 14930 -2934 12593 8452 0 0 0 0 0 0 0 0
51 32767 32767 32767 32767 32767 32767 32767 32767 14857 -3042 12713 8318 3031 14833 -8360 12556 0 0 0 0 0 0 0 0
52 32767 32767 32767 32767 32767 32767 32767 32767 2892 14666 -8332 12020 -14385 2169 -11981 -8698 0 0 0 0 0 0 0 0
53 32767 32767 32767 32767 32767 32767 32767 32767 -15335 2151 -12491 -11224 -660 -18215 10951 -13451 0 0 0 0 0 0 0 0
54 32767 32767 32767 32767 32767 32767 32767 32767 -4744 -17841 9244 -23519 25514 -16708 31147 1802 0 0 0 0 0 0 0 0
55 32767 32767 32767 32767 32767 32767 32767 32767 15783 14938 1812 3206 12493 -10102 27723 533 0 0 0 0 0 0 0 0
56 -32768 -32768 -32768 -32768 -32768 -32768 -32768 -32768 17999 17686 601 9277 8561 -7847 26358 147 0 0 0 0 0 0 0 0
57 -32768 -32768 -32768 -32768 -32768 -32768 -32768 -32768 19023 18927 143 12886 5625 -5469 24549 35 0 0 0 0 0 0 0 0
58 -32768 -32768 -32768 -32768 -32768 -32768 -32768 -32768 20633 20633 0 20030 -1030 1030 19399 0 0 0 0 0 0 0 0 0
59 -32768 -32768 -32768 -32768 -32768 -32768 -32768 -32768 25645 25645 0 32767 -32112 32112 -32768 0 0 0 0 2 0 0 1 0
60 -32768 -32768 -32768 -32768 -32768 -32768 -32768 -32768 -13718 -13718 0 1458 -14162 14162 -29180 0 0 0 0 0 0 0 0 0
61 -25405 -29243 -5727 -12288 -18671 -11976 11494 -14290 -17331 -17326 -21 -7789 -9229 9271 -26910 -72 0 0 0 0 0 0 0 0
62 6663 30790 6587 17951 25255 -16974 27539 11872 -18516 -18531 -59 -11310 -7310 7237 -25513 -347 0 0 0 0 0 0 0 0
63 -14038 32116 2391 -2736 -21610 9557 -29092 -17562 -19093 -19219 -191 -14896 -4953 4579 -22674 -1154 0 0 0 0 0 0 0 0
64 17345 30476 8720 -30311 -16603 -382 18090 -12537 -20310 -20851 -880 -25875 5126 -5085 4743 -11509 0 0 0 0 0 0 0 0
65 31116 -476 18003 -25266 2021 6308 -13095 -13096 -18076 -23298 3431 -16627 -583 -17722 16460 -5173 0 0 0 0 0 0 0 0
66 -3317 -2239 24151 28583 -20694 -31164 -23699 11545 2437 13074 -6986 6463 10828 16679 -21686 5065 0 0 0 0 0 0 0 0
67 30013 2882 -5688 -10748 -24336 -10769 -31862 -3453 -10674 18056 -8687 4769 -1518 3833 3076 -12780 0 0 0 0 0 0 0 0
68 -1916 -17833 -29449 -25756 21378 -8815 -16629 -5835 7182 20567 5029 -7752 -628 -4051 -11788 3298 0 0 0 0 0 0 0 0
69 -23894 -9860 6476 -11897 14633 -7897 31326 11402 19058 2270 17865 -12374 -17963 10495 -5203 16604 0 0 0 0 0 0 0 0
70 32670 -25709 18065 31614 -32623 -7729 -29876 -10184 -2212 -457 1330 22700 1788 3267 -14375 10513 0 0 0 0 0 0 0 0
71 16931 -9723 19175 -6282 -21151 -13306 13069 23575 18901 3471 2332 8112 -159 -18707 -6045 2005 0 0 0 0 0 0 0 0
72 -30845 -8769 -16162 6290 -5054 31617 -4987 26644 1603 -9186 -3940 -20282 -876 564 18941 -8669 0 0 0 0 0 0 0 0
73 24996 18970 5714 26247 28308 -483 7127 -24499 -16711 -4656 7686 -15999 -885 22497 -17176 9805 0 0 0 0 0 0 0 0
74 -15470 -27498 -32762 3118 -12951 21092 17435 -15006 17676 -15396 -6677 12720 -164 2253 17821 4406 0 0 0 0 0 0 0 0
75 -16652 32683 18879 12640 -11249 -32649 -15670 -31035 13469 -7136 13872 8000 19767 -7720 6930 10968 0 0 0 0 0 0 0 0
76 5313 -4094 22751 31135 31019 10415 -26098 -22505 -18618 -7281 -188 -6701 -6534 -15562 -9608 -16801 0 0 0 0 0 0 0 0
77 -15423 -4422 -10822 791 -8558 -23402 5878 12619 15281 12045 -1197 13877 5079 13200 -818 -13174 0 0 0 0 0 0 0 0
78 26416 7841 12309 -15015 -16998 17009 -9487 8914 -7164 -18051 -14498 -16611 -21367 976 -21491 -4137 0 0 0 0 0 0 0 0
79 -20681 -30091 11059 22228 32274 -20022 14921 17684 -10736 18816 944 -856 10277 -17053 -17305 3458 0 0 0 0 0 0 0 0
80 -26231 -7192 -9067 24473 8030 -2681 -3579 26425 2859 -699 -2106 21342 -10921 12270 11665 3914 0 0 0 0 0 0 0 0
81 24684 25674 -19212 -26489 -27469 -2720 18334 -25908 -10748 -2361 -8757 -388 12230 4475 1238 7830 0 0 0 0 0 0 0 0
82 -28764 26144 -9453 -21976 19346 -17238 5676 29690 17118 6800 11968 -6836 -12958 -20114 14731 784 0 0 0 0 0 0 0 0
83 18511 18351 7915 22917 22777 -2501 -1571 13181 -9620 -17944 3858 10752 2616 5738 8081 10873 0 0 0 0 0 0 0 0
84 12241 17591 27915 22930 -5247 -6119 27407 -31609 -17877 -8549 -13369 17246 -1136 14677 -3493 -19597 0 0 0 0 0 0 0 0
85 4998 -8961 17723 28079 19922 7973 -25112 -31198 14845 12052 -1683 -9979 -7272 -17732 15176 11941 0 0 0 0 0 0 0 0
86 -15463 31378 -13650 -24901 -13159 -29610 -1240 -20067 -18136 15079 6727 -22395 3324 -7188 2124 3131 0 0 0 0 0 0 0 0
87 -21187 10055 26937 20117 -21788 16264 -17424 -27919 8920 11518 -4776 -4522 -862 8182 -5536 -26585 0 0 0 0 0 0 0 0
88 8521 -1794 24673 -334 -2051 -16756 -19848 -3941 8065 12030 2165 10707 3469 -7005 -25439 -490 0 0 0 0 0 0 0 0
89 18844 19648 28345 -3069 327 -199 19526 -31818 5454 -6655 -6375 23977 -14543 14063 -8100 -7173 0 0 0 0 0 0 0 0
90 5133 20836 -21370 14037 -8398 -6433 4909 5912 -7427 17844 130 -19284 13686 8428 -18239 -3099 0 0 0 0 0 0 0 0
91 32490 -4370 5056 22292 11028 -21462 13449 24109 -14603 7262 -3025 8270 -10710 -5431 -7320 5761 0 0 0 0 0 0 0 0
92 27733 753 -20564 -12713 31224 29479 22037 17563 1926 -1987 5071 6032 2807 -2188 -2087 -22262 0 0 0 0 0 0 0 0
93 -1095 -15251 -6950 5661 -20031 9007 -16321 5320 10086 10518 20365 11452 -3161 1552 7746 3434 0 0 0 0 0 0 0 0
94 -28454 11824 -12997 -4808 3006 -7416 -16906 -17673 1117 13992 -5195 -3492 -5024 -10146 17023 5319 0 0 0 0 0 0 0 0
95 -28517 4886 23714 23265 9993 -3627 -9328 26085 18258 -948 -5188 15912 21055 -10591 13903 -1369 0 0 0 0 0 0 0 0
