# pfb vector file
# schema: 1
# kind: pfb_io
# set: ident
# phases: 8
# taps: 16
# coeff_file: pfb_ident_p8t16.coeff
# seed: 97511103
# rounding_mode: nearest_even
# acc_w: 37
# count: 96
# generator: scripts/generate_coefficients.py
# reference: model/python/pfb_model.py (NumPy, independent)
# the model starts from an all-zero history at beat 0
# f* is the packed saturation flag word: sat_pos<<1 | sat_neg
# columns: beat x0_re x0_im x1_re x1_im x2_re x2_im x3_re x3_im x4_re x4_im x5_re x5_im x6_re x6_im x7_re x7_im y0_re y0_im y1_re y1_im y2_re y2_im y3_re y3_im y4_re y4_im y5_re y5_im y6_re y6_im y7_re y7_im f0_re f0_im f1_re f1_im f2_re f2_im f3_re f3_im f4_re f4_im f5_re f5_im f6_re f6_im f7_re f7_im
0 0 0 0 0 0 0 0 0 0 0 0 0 0 0 0 0 0 0 0 0 0 0 0 0 0 0 0 0 0 0 0 0 0 0 0 0 0 0 0 0 0 0 0 0 0 0 0 0
1 0 0 0 0 0 0 0 0 0 0 0 0 0 0 0 0 0 0 0 0 0 0 0 0 0 0 0 0 0 0 0 0 0 0 0 0 0 0 0 0 0 0 0 0 0 0 0 0
2 0 0 0 0 0 0 0 0 0 0 0 0 0 0 0 0 0 0 0 0 0 0 0 0 0 0 0 0 0 0 0 0 0 0 0 0 0 0 0 0 0 0 0 0 0 0 0 0
3 0 0 0 0 0 0 0 0 0 0 0 0 0 0 0 0 0 0 0 0 0 0 0 0 0 0 0 0 0 0 0 0 0 0 0 0 0 0 0 0 0 0 0 0 0 0 0 0
4 0 0 0 0 0 0 0 0 0 0 0 0 0 0 0 0 0 0 0 0 0 0 0 0 0 0 0 0 0 0 0 0 0 0 0 0 0 0 0 0 0 0 0 0 0 0 0 0
5 0 0 0 0 0 0 0 0 0 0 0 0 0 0 0 0 0 0 0 0 0 0 0 0 0 0 0 0 0 0 0 0 0 0 0 0 0 0 0 0 0 0 0 0 0 0 0 0
6 0 0 0 0 0 0 0 0 0 0 0 0 0 0 0 0 0 0 0 0 0 0 0 0 0 0 0 0 0 0 0 0 0 0 0 0 0 0 0 0 0 0 0 0 0 0 0 0
7 0 0 0 0 0 0 0 0 0 0 0 0 0 0 0 0 0 0 0 0 0 0 0 0 0 0 0 0 0 0 0 0 0 0 0 0 0 0 0 0 0 0 0 0 0 0 0 0
8 0 0 0 0 0 0 0 0 0 0 0 0 0 0 0 0 0 0 0 0 0 0 0 0 0 0 0 0 0 0 0 0 0 0 0 0 0 0 0 0 0 0 0 0 0 0 0 0
9 0 0 0 0 0 0 0 0 0 0 0 0 0 0 0 0 0 0 0 0 0 0 0 0 0 0 0 0 0 0 0 0 0 0 0 0 0 0 0 0 0 0 0 0 0 0 0 0
10 0 0 0 0 0 0 0 0 0 0 0 0 0 0 0 0 0 0 0 0 0 0 0 0 0 0 0 0 0 0 0 0 0 0 0 0 0 0 0 0 0 0 0 0 0 0 0 0
11 0 0 0 0 0 0 0 0 0 0 0 0 0 0 0 0 0 0 0 0 0 0 0 0 0 0 0 0 0 0 0 0 0 0 0 0 0 0 0 0 0 0 0 0 0 0 0 0
12 0 0 0 0 0 0 0 0 0 0 0 0 0 0 0 0 0 0 0 0 0 0 0 0 0 0 0 0 0 0 0 0 0 0 0 0 0 0 0 0 0 0 0 0 0 0 0 0
13 0 0 0 0 0 0 0 0 0 0 0 0 0 0 0 0 0 0 0 0 0 0 0 0 0 0 0 0 0 0 0 0 0 0 0 0 0 0 0 0 0 0 0 0 0 0 0 0
14 0 0 0 0 0 0 0 0 0 0 0 0 0 0 0 0 0 0 0 0 0 0 0 0 0 0 0 0 0 0 0 0 0 0 0 0 0 0 0 0 0 0 0 0 0 0 0 0
15 0 0 0 0 0 0 0 0 0 0 0 0 0 0 0 0 0 0 0 0 0 0 0 0 0 0 0 0 0 0 0 0 0 0 0 0 0 0 0 0 0 0 0 0 0 0 0 0
16 0 0 0 0 0 0 0 0 0 0 0 0 0 0 0 0 0 0 0 0 0 0 0 0 0 0 0 0 0 0 0 0 0 0 0 0 0 0 0 0 0 0 0 0 0 0 0 0
17 0 0 0 0 0 0 0 0 0 0 0 0 0 0 0 0 0 0 0 0 0 0 0 0 0 0 0 0 0 0 0 0 0 0 0 0 0 0 0 0 0 0 0 0 0 0 0 0
18 32767 -32768 32767 -32768 32767 -32768 32767 -32768 32767 -32768 32767 -32768 32767 -32768 32767 -32768 32766 -32767 32766 -32767 32766 -32767 32766 -32767 32766 -32767 32766 -32767 32766 -32767 32766 -32767 0 0 0 0 0 0 0 0 0 0 0 0 0 0 0 0
19 0 0 0 0 0 0 0 0 0 0 0 0 0 0 0 0 0 0 0 0 0 0 0 0 0 0 0 0 0 0 0 0 0 0 0 0 0 0 0 0 0 0 0 0 0 0 0 0
20 0 0 0 0 0 0 0 0 0 0 0 0 0 0 0 0 0 0 0 0 0 0 0 0 0 0 0 0 0 0 0 0 0 0 0 0 0 0 0 0 0 0 0 0 0 0 0 0
21 0 0 0 0 0 0 0 0 0 0 0 0 0 0 0 0 0 0 0 0 0 0 0 0 0 0 0 0 0 0 0 0 0 0 0 0 0 0 0 0 0 0 0 0 0 0 0 0
22 0 0 0 0 0 0 0 0 0 0 0 0 0 0 0 0 0 0 0 0 0 0 0 0 0 0 0 0 0 0 0 0 0 0 0 0 0 0 0 0 0 0 0 0 0 0 0 0
23 0 0 0 0 0 0 0 0 0 0 0 0 0 0 0 0 0 0 0 0 0 0 0 0 0 0 0 0 0 0 0 0 0 0 0 0 0 0 0 0 0 0 0 0 0 0 0 0
24 0 0 0 0 0 0 0 0 0 0 0 0 0 0 0 0 0 0 0 0 0 0 0 0 0 0 0 0 0 0 0 0 0 0 0 0 0 0 0 0 0 0 0 0 0 0 0 0
25 0 0 0 0 0 0 0 0 0 0 0 0 0 0 0 0 0 0 0 0 0 0 0 0 0 0 0 0 0 0 0 0 0 0 0 0 0 0 0 0 0 0 0 0 0 0 0 0
26 0 0 0 0 0 0 0 0 0 0 0 0 0 0 0 0 0 0 0 0 0 0 0 0 0 0 0 0 0 0 0 0 0 0 0 0 0 0 0 0 0 0 0 0 0 0 0 0
27 0 0 0 0 0 0 0 0 0 0 0 0 0 0 0 0 0 0 0 0 0 0 0 0 0 0 0 0 0 0 0 0 0 0 0 0 0 0 0 0 0 0 0 0 0 0 0 0
28 0 0 0 0 0 0 0 0 0 0 0 0 0 0 0 0 0 0 0 0 0 0 0 0 0 0 0 0 0 0 0 0 0 0 0 0 0 0 0 0 0 0 0 0 0 0 0 0
29 0 0 0 0 0 0 0 0 0 0 0 0 0 0 0 0 0 0 0 0 0 0 0 0 0 0 0 0 0 0 0 0 0 0 0 0 0 0 0 0 0 0 0 0 0 0 0 0
30 0 0 0 0 0 0 0 0 0 0 0 0 0 0 0 0 0 0 0 0 0 0 0 0 0 0 0 0 0 0 0 0 0 0 0 0 0 0 0 0 0 0 0 0 0 0 0 0
31 0 0 0 0 0 0 0 0 0 0 0 0 0 0 0 0 0 0 0 0 0 0 0 0 0 0 0 0 0 0 0 0 0 0 0 0 0 0 0 0 0 0 0 0 0 0 0 0
32 0 0 0 0 0 0 0 0 0 0 0 0 0 0 0 0 0 0 0 0 0 0 0 0 0 0 0 0 0 0 0 0 0 0 0 0 0 0 0 0 0 0 0 0 0 0 0 0
33 0 0 0 0 0 0 0 0 0 0 0 0 0 0 0 0 0 0 0 0 0 0 0 0 0 0 0 0 0 0 0 0 0 0 0 0 0 0 0 0 0 0 0 0 0 0 0 0
34 0 0 0 0 0 0 0 0 0 0 0 0 0 0 0 0 0 0 0 0 0 0 0 0 0 0 0 0 0 0 0 0 0 0 0 0 0 0 0 0 0 0 0 0 0 0 0 0
35 0 0 0 0 0 0 0 0 0 0 0 0 0 0 0 0 0 0 0 0 0 0 0 0 0 0 0 0 0 0 0 0 0 0 0 0 0 0 0 0 0 0 0 0 0 0 0 0
36 0 0 0 0 0 0 0 0 0 0 0 0 0 0 0 0 0 0 0 0 0 0 0 0 0 0 0 0 0 0 0 0 0 0 0 0 0 0 0 0 0 0 0 0 0 0 0 0
37 12345 -9876 12345 -9876 12345 -9876 12345 -9876 12345 -9876 12345 -9876 12345 -9876 12345 -9876 12345 -9876 12345 -9876 12345 -9876 12345 -9876 12345 -9876 12345 -9876 12345 -9876 12345 -9876 0 0 0 0 0 0 0 0 0 0 0 0 0 0 0 0
38 12345 -9876 12345 -9876 12345 -9876 12345 -9876 12345 -9876 12345 -9876 12345 -9876 12345 -9876 12345 -9876 12345 -9876 12345 -9876 12345 -9876 12345 -9876 12345 -9876 12345 -9876 12345 -9876 0 0 0 0 0 0 0 0 0 0 0 0 0 0 0 0
39 12345 -9876 12345 -9876 12345 -9876 12345 -9876 12345 -9876 12345 -9876 12345 -9876 12345 -9876 12345 -9876 12345 -9876 12345 -9876 12345 -9876 12345 -9876 12345 -9876 12345 -9876 12345 -9876 0 0 0 0 0 0 0 0 0 0 0 0 0 0 0 0
40 12345 -9876 12345 -9876 12345 -9876 12345 -9876 12345 -9876 12345 -9876 12345 -9876 12345 -9876 12345 -9876 12345 -9876 12345 -9876 12345 -9876 12345 -9876 12345 -9876 12345 -9876 12345 -9876 0 0 0 0 0 0 0 0 0 0 0 0 0 0 0 0
41 12345 -9876 12345 -9876 12345 -9876 12345 -9876 12345 -9876 12345 -9876 12345 -9876 12345 -9876 12345 -9876 12345 -9876 12345 -9876 12345 -9876 12345 -9876 12345 -9876 12345 -9876 12345 -9876 0 0 0 0 0 0 0 0 0 0 0 0 0 0 0 0
42 12345 -9876 12345 -9876 12345 -9876 12345 -9876 12345 -9876 12345 -9876 12345 -9876 12345 -9876 12345 -9876 12345 -9876 12345 -9876 12345 -9876 12345 -9876 12345 -9876 12345 -9876 12345 -9876 0 0 0 0 0 0 0 0 0 0 0 0 0 0 0 0
43 12345 -9876 12345 -9876 12345 -9876 12345 -9876 12345 -9876 12345 -9876 12345 -9876 12345 -9876 12345 -9876 12345 -9876 12345 -9876 12345 -9876 12345 -9876 12345 -9876 12345 -9876 12345 -9876 0 0 0 0 0 0 0 0 0 0 0 0 0 0 0 0
44 12345 -9876 12345 -9876 12345 -9876 12345 -9876 12345 -9876 12345 -9876 12345 -9876 12345 -9876 12345 -9876 12345 -9876 12345 -9876 12345 -9876 12345 -9876 12345 -9876 12345 -9876 12345 -9876 0 0 0 0 0 0 0 0 0 0 0 0 0 0 0 0
45 12345 -9876 12345 -9876 12345 -9876 12345 -9876 12345 -9876 12345 -9876 12345 -9876 12345 -9876 12345 -9876 12345 -9876 12345 -9876 12345 -9876 12345 -9876 12345 -9876 12345 -9876 12345 -9876 0 0 0 0 0 0 0 0 0 0 0 0 0 0 0 0
46 12345 -9876 12345 -9876 12345 -9876 12345 -9876 12345 -9876 12345 -9876 12345 -9876 12345 -9876 12345 -9876 12345 -9876 12345 -9876 12345 -9876 12345 -9876 12345 -9876 12345 -9876 12345 -9876 0 0 0 0 0 0 0 0 0 0 0 0 0 0 0 0
47 12345 -9876 12345 -9876 12345 -9876 12345 -9876 12345 -9876 12345 -9876 12345 -9876 12345 -9876 12345 -9876 12345 -9876 12345 -9876 12345 -9876 12345 -9876 12345 -9876 12345 -9876 12345 -9876 0 0 0 0 0 0 0 0 0 0 0 0 0 0 0 0
48 12345 -9876 12345 -9876 12345 -9876 12345 -9876 12345 -9876 12345 -9876 12345 -9876 12345 -9876 12345 -9876 12345 -9876 12345 -9876 12345 -9876 12345 -9876 12345 -9876 12345 -9876 12345 -9876 0 0 0 0 0 0 0 0 0 0 0 0 0 0 0 0
49 12345 -9876 12345 -9876 12345 -9876 12345 -9876 12345 -9876 12345 -9876 12345 -9876 12345 -9876 12345 -9876 12345 -9876 12345 -9876 12345 -9876 12345 -9876 12345 -9876 12345 -9876 12345 -9876 0 0 0 0 0 0 0 0 0 0 0 0 0 0 0 0
50 12345 -9876 12345 -9876 12345 -9876 12345 -9876 12345 -9876 12345 -9876 12345 -9876 12345 -9876 12345 -9876 12345 -9876 12345 -9876 12345 -9876 12345 -9876 12345 -9876 12345 -9876 12345 -9876 0 0 0 0 0 0 0 0 0 0 0 0 0 0 0 0
51 12345 -9876 12345 -9876 12345 -9876 12345 -9876 12345 -9876 12345 -9876 12345 -9876 12345 -9876 12345 -9876 12345 -9876 12345 -9876 12345 -9876 12345 -9876 12345 -9876 12345 -9876 12345 -9876 0 0 0 0 0 0 0 0 0 0 0 0 0 0 0 0
52 12345 -9876 12345 -9876 12345 -9876 12345 -9876 12345 -9876 12345 -9876 12345 -9876 12345 -9876 12345 -9876 12345 -9876 12345 -9876 12345 -9876 12345 -9876 12345 -9876 12345 -9876 12345 -9876 0 0 0 0 0 0 0 0 0 0 0 0 0 0 0 0
53 12345 -9876 12345 -9876 12345 -9876 12345 -9876 12345 -9876 12345 -9876 12345 -9876 12345 -9876 12345 -9876 12345 -9876 12345 -9876 12345 -9876 12345 -9876 12345 -9876 12345 -9876 12345 -9876 0 0 0 0 0 0 0 0 0 0 0 0 0 0 0 0
54 12345 -9876 12345 -9876 12345 -9876 12345 -9876 12345 -9876 12345 -9876 12345 -9876 12345 -9876 12345 -9876 12345 -9876 12345 -9876 12345 -9876 12345 -9876 12345 -9876 12345 -9876 12345 -9876 0 0 0 0 0 0 0 0 0 0 0 0 0 0 0 0
55 24576 0 24104 4795 22705 9405 20434 13654 17378 17378 13654 20434 9405 22705 4795 24104 24575 0 24103 4795 22704 9405 20433 13654 17377 17377 13654 20433 9405 22704 4795 24103 0 0 0 0 0 0 0 0 0 0 0 0 0 0 0 0
56 0 24576 -4795 24104 -9405 22705 -13654 20434 -17378 17378 -20434 13654 -22705 9405 -24104 4795 0 24575 -4795 24103 -9405 22704 -13654 20433 -17377 17377 -20433 13654 -22704 9405 -24103 4795 0 0 0 0 0 0 0 0 0 0 0 0 0 0 0 0
57 -24576 0 -24104 -4795 -22705 -9405 -20434 -13654 -17378 -17378 -13654 -20434 -9405 -22705 -4795 -24104 -24575 0 -24103 -4795 -22704 -9405 -20433 -13654 -17377 -17377 -13654 -20433 -9405 -22704 -4795 -24103 0 0 0 0 0 0 0 0 0 0 0 0 0 0 0 0
58 0 -24576 4795 -24104 9405 -22705 13654 -20434 17378 -17378 20434 -13654 22705 -9405 24104 -4795 0 -24575 4795 -24103 9405 -22704 13654 -20433 17377 -17377 20433 -13654 22704 -9405 24103 -4795 0 0 0 0 0 0 0 0 0 0 0 0 0 0 0 0
59 24576 0 24104 4795 22705 9405 20434 13654 17378 17378 13654 20434 9405 22705 4795 24104 24575 0 24103 4795 22704 9405 20433 13654 17377 17377 13654 20433 9405 22704 4795 24103 0 0 0 0 0 0 0 0 0 0 0 0 0 0 0 0
60 0 24576 -4795 24104 -9405 22705 -13654 20434 -17378 17378 -20434 13654 -22705 9405 -24104 4795 0 24575 -4795 24103 -9405 22704 -13654 20433 -17377 17377 -20433 13654 -22704 9405 -24103 4795 0 0 0 0 0 0 0 0 0 0 0 0 0 0 0 0
61 -24576 0 -24104 -4795 -22705 -9405 -20434 -13654 -17378 -17378 -13654 -20434 -9405 -22705 -4795 -24104 -24575 0 -24103 -4795 -22704 -9405 -20433 -13654 -17377 -17377 -13654 -20433 -9405 -22704 -4795 -24103 0 0 0 0 0 0 0 0 0 0 0 0 0 0 0 0
62 0 -24576 4795 -24104 9405 -22705 13654 -20434 17378 -17378 20434 -13654 22705 -9405 24104 -4795 0 -24575 4795 -24103 9405 -22704 13654 -20433 17377 -17377 20433 -13654 22704 -9405 24103 -4795 0 0 0 0 0 0 0 0 0 0 0 0 0 0 0 0
63 24576 0 24104 4795 22705 9405 20434 13654 17378 17378 13654 20434 9405 22705 4795 24104 24575 0 24103 4795 22704 9405 20433 13654 17377 17377 13654 20433 9405 22704 4795 24103 0 0 0 0 0 0 0 0 0 0 0 0 0 0 0 0
64 0 24576 -4795 24104 -9405 22705 -13654 20434 -17378 17378 -20434 13654 -22705 9405 -24104 4795 0 24575 -4795 24103 -9405 22704 -13654 20433 -17377 17377 -20433 13654 -22704 9405 -24103 4795 0 0 0 0 0 0 0 0 0 0 0 0 0 0 0 0
65 -24576 0 -24104 -4795 -22705 -9405 -20434 -13654 -17378 -17378 -13654 -20434 -9405 -22705 -4795 -24104 -24575 0 -24103 -4795 -22704 -9405 -20433 -13654 -17377 -17377 -13654 -20433 -9405 -22704 -4795 -24103 0 0 0 0 0 0 0 0 0 0 0 0 0 0 0 0
66 0 -24576 4795 -24104 9405 -22705 13654 -20434 17378 -17378 20434 -13654 22705 -9405 24104 -4795 0 -24575 4795 -24103 9405 -22704 13654 -20433 17377 -17377 20433 -13654 22704 -9405 24103 -4795 0 0 0 0 0 0 0 0 0 0 0 0 0 0 0 0
67 24576 0 24104 4795 22705 9405 20434 13654 17378 17378 13654 20434 9405 22705 4795 24104 24575 0 24103 4795 22704 9405 20433 13654 17377 17377 13654 20433 9405 22704 4795 24103 0 0 0 0 0 0 0 0 0 0 0 0 0 0 0 0
68 0 24576 -4795 24104 -9405 22705 -13654 20434 -17378 17378 -20434 13654 -22705 9405 -24104 4795 0 24575 -4795 24103 -9405 22704 -13654 20433 -17377 17377 -20433 13654 -22704 9405 -24103 4795 0 0 0 0 0 0 0 0 0 0 0 0 0 0 0 0
69 -24576 0 -24104 -4795 -22705 -9405 -20434 -13654 -17378 -17378 -13654 -20434 -9405 -22705 -4795 -24104 -24575 0 -24103 -4795 -22704 -9405 -20433 -13654 -17377 -17377 -13654 -20433 -9405 -22704 -4795 -24103 0 0 0 0 0 0 0 0 0 0 0 0 0 0 0 0
70 0 -24576 4795 -24104 9405 -22705 13654 -20434 17378 -17378 20434 -13654 22705 -9405 24104 -4795 0 -24575 4795 -24103 9405 -22704 13654 -20433 17377 -17377 20433 -13654 22704 -9405 24103 -4795 0 0 0 0 0 0 0 0 0 0 0 0 0 0 0 0
71 24576 0 24104 4795 22705 9405 20434 13654 17378 17378 13654 20434 9405 22705 4795 24104 24575 0 24103 4795 22704 9405 20433 13654 17377 17377 13654 20433 9405 22704 4795 24103 0 0 0 0 0 0 0 0 0 0 0 0 0 0 0 0
72 0 24576 -4795 24104 -9405 22705 -13654 20434 -17378 17378 -20434 13654 -22705 9405 -24104 4795 0 24575 -4795 24103 -9405 22704 -13654 20433 -17377 17377 -20433 13654 -22704 9405 -24103 4795 0 0 0 0 0 0 0 0 0 0 0 0 0 0 0 0
73 -24576 0 -24104 -4795 -22705 -9405 -20434 -13654 -17378 -17378 -13654 -20434 -9405 -22705 -4795 -24104 -24575 0 -24103 -4795 -22704 -9405 -20433 -13654 -17377 -17377 -13654 -20433 -9405 -22704 -4795 -24103 0 0 0 0 0 0 0 0 0 0 0 0 0 0 0 0
74 0 -24576 4795 -24104 9405 -22705 13654 -20434 17378 -17378 20434 -13654 22705 -9405 24104 -4795 0 -24575 4795 -24103 9405 -22704 13654 -20433 17377 -17377 20433 -13654 22704 -9405 24103 -4795 0 0 0 0 0 0 0 0 0 0 0 0 0 0 0 0
75 24576 0 24104 4795 22705 9405 20434 13654 17378 17378 13654 20434 9405 22705 4795 24104 24575 0 24103 4795 22704 9405 20433 13654 17377 17377 13654 20433 9405 22704 4795 24103 0 0 0 0 0 0 0 0 0 0 0 0 0 0 0 0
76 0 24576 -4795 24104 -9405 22705 -13654 20434 -17378 17378 -20434 13654 -22705 9405 -24104 4795 0 24575 -4795 24103 -9405 22704 -13654 20433 -17377 17377 -20433 13654 -22704 9405 -24103 4795 0 0 0 0 0 0 0 0 0 0 0 0 0 0 0 0
77 -24576 0 -24104 -4795 -22705 -9405 -20434 -13654 -17378 -17378 -13654 -20434 -9405 -22705 -4795 -24104 -24575 0 -24103 -4795 -22704 -9405 -20433 -13654 -17377 -17377 -13654 -20433 -9405 -22704 -4795 -24103 0 0 0 0 0 0 0 0 0 0 0 0 0 0 0 0
78 0 -24576 4795 -24104 9405 -22705 13654 -20434 17378 -17378 20434 -13654 22705 -9405 24104 -4795 0 -24575 4795 -24103 9405 -22704 13654 -20433 17377 -17377 20433 -13654 22704 -9405 24103 -4795 0 0 0 0 0 0 0 0 0 0 0 0 0 0 0 0
79 24576 0 24104 4795 22705 9405 20434 13654 17378 17378 13654 20434 9405 22705 4795 24104 24575 0 24103 4795 22704 9405 20433 13654 17377 17377 13654 20433 9405 22704 4795 24103 0 0 0 0 0 0 0 0 0 0 0 0 0 0 0 0
80 0 24576 -4795 24104 -9405 22705 -13654 20434 -17378 17378 -20434 13654 -22705 9405 -24104 4795 0 24575 -4795 24103 -9405 22704 -13654 20433 -17377 17377 -20433 13654 -22704 9405 -24103 4795 0 0 0 0 0 0 0 0 0 0 0 0 0 0 0 0
81 -24576 0 -24104 -4795 -22705 -9405 -20434 -13654 -17378 -17378 -13654 -20434 -9405 -22705 -4795 -24104 -24575 0 -24103 -4795 -22704 -9405 -20433 -13654 -17377 -17377 -13654 -20433 -9405 -22704 -4795 -24103 0 0 0 0 0 0 0 0 0 0 0 0 0 0 0 0
82 0 -24576 4795 -24104 9405 -22705 13654 -20434 17378 -17378 20434 -13654 22705 -9405 24104 -4795 0 -24575 4795 -24103 9405 -22704 13654 -20433 17377 -17377 20433 -13654 22704 -9405 24103 -4795 0 0 0 0 0 0 0 0 0 0 0 0 0 0 0 0
83 24576 0 24104 4795 22705 9405 20434 13654 17378 17378 13654 20434 9405 22705 4795 24104 24575 0 24103 4795 22704 9405 20433 13654 17377 17377 13654 20433 9405 22704 4795 24103 0 0 0 0 0 0 0 0 0 0 0 0 0 0 0 0
84 0 24576 -4795 24104 -9405 22705 -13654 20434 -17378 17378 -20434 13654 -22705 9405 -24104 4795 0 24575 -4795 24103 -9405 22704 -13654 20433 -17377 17377 -20433 13654 -22704 9405 -24103 4795 0 0 0 0 0 0 0 0 0 0 0 0 0 0 0 0
85 -24576 0 -24104 -4795 -22705 -9405 -20434 -13654 -17378 -17378 -13654 -20434 -9405 -22705 -4795 -24104 -24575 0 -24103 -4795 -22704 -9405 -20433 -13654 -17377 -17377 -13654 -20433 -9405 -22704 -4795 -24103 0 0 0 0 0 0 0 0 0 0 0 0 0 0 0 0
86 0 -24576 4795 -24104 9405 -22705 13654 -20434 17378 -17378 20434 -13654 22705 -9405 24104 -4795 0 -24575 4795 -24103 9405 -22704 13654 -20433 17377 -17377 20433 -13654 22704 -9405 24103 -4795 0 0 0 0 0 0 0 0 0 0 0 0 0 0 0 0
87 24576 0 24104 4795 22705 9405 20434 13654 17378 17378 13654 20434 9405 22705 4795 24104 24575 0 24103 4795 22704 9405 20433 13654 17377 17377 13654 20433 9405 22704 4795 24103 0 0 0 0 0 0 0 0 0 0 0 0 0 0 0 0
88 0 24576 -4795 24104 -9405 22705 -13654 20434 -17378 17378 -20434 13654 -22705 9405 -24104 4795 0 24575 -4795 24103 -9405 22704 -13654 20433 -17377 17377 -20433 13654 -22704 9405 -24103 4795 0 0 0 0 0 0 0 0 0 0 0 0 0 0 0 0
89 -24576 0 -24104 -4795 -22705 -9405 -20434 -13654 -17378 -17378 -13654 -20434 -9405 -22705 -4795 -24104 -24575 0 -24103 -4795 -22704 -9405 -20433 -13654 -17377 -17377 -13654 -20433 -9405 -22704 -4795 -24103 0 0 0 0 0 0 0 0 0 0 0 0 0 0 0 0
90 0 -24576 4795 -24104 9405 -22705 13654 -20434 17378 -17378 20434 -13654 22705 -9405 24104 -4795 0 -24575 4795 -24103 9405 -22704 13654 -20433 17377 -17377 20433 -13654 22704 -9405 24103 -4795 0 0 0 0 0 0 0 0 0 0 0 0 0 0 0 0
91 32767 32767 32767 32767 32767 32767 32767 32767 32767 32767 32767 32767 32767 32767 32767 32767 32766 32766 32766 32766 32766 32766 32766 32766 32766 32766 32766 32766 32766 32766 32766 32766 0 0 0 0 0 0 0 0 0 0 0 0 0 0 0 0
92 32767 32767 32767 32767 32767 32767 32767 32767 32767 32767 32767 32767 32767 32767 32767 32767 32766 32766 32766 32766 32766 32766 32766 32766 32766 32766 32766 32766 32766 32766 32766 32766 0 0 0 0 0 0 0 0 0 0 0 0 0 0 0 0
93 32767 32767 32767 32767 32767 32767 32767 32767 32767 32767 32767 32767 32767 32767 32767 32767 32766 32766 32766 32766 32766 32766 32766 32766 32766 32766 32766 32766 32766 32766 32766 32766 0 0 0 0 0 0 0 0 0 0 0 0 0 0 0 0
94 32767 32767 32767 32767 32767 32767 32767 32767 32767 32767 32767 32767 32767 32767 32767 32767 32766 32766 32766 32766 32766 32766 32766 32766 32766 32766 32766 32766 32766 32766 32766 32766 0 0 0 0 0 0 0 0 0 0 0 0 0 0 0 0
95 32767 32767 32767 32767 32767 32767 32767 32767 32767 32767 32767 32767 32767 32767 32767 32767 32766 32766 32766 32766 32766 32766 32766 32766 32766 32766 32766 32766 32766 32766 32766 32766 0 0 0 0 0 0 0 0 0 0 0 0 0 0 0 0
