# pfb vector file
# schema: 1
# kind: pfb_io
# set: max
# phases: 8
# taps: 16
# coeff_file: pfb_max_p8t16.coeff
# seed: 1948404175
# rounding_mode: nearest_even
# acc_w: 37
# count: 96
# generator: scripts/generate_coefficients.py
# reference: model/python/pfb_model.py (NumPy, independent)
# the model starts from an all-zero history at beat 0
# f* is the packed saturation flag word: sat_pos<<1 | sat_neg
# columns: beat x0_re x0_im x1_re x1_im x2_re x2_im x3_re x3_im x4_re x4_im x5_re x5_im x6_re x6_im x7_re x7_im y0_re y0_im y1_re y1_im y2_re y2_im y3_re y3_im y4_re y4_im y5_re y5_im y6_re y6_im y7_re y7_im f0_re f0_im f1_re f1_im f2_re f2_im f3_re f3_im f4_re f4_im f5_re f5_im f6_re f6_im f7_re f7_im
0 0 0 0 0 0 0 0 0 0 0 0 0 0 0 0 0 0 0 0 0 0 0 0 0 0 0 0 0 0 0 0 0 0 0 0 0 0 0 0 0 0 0 0 0 0 0 0 0
1 0 0 0 0 0 0 0 0 0 0 0 0 0 0 0 0 0 0 0 0 0 0 0 0 0 0 0 0 0 0 0 0 0 0 0 0 0 0 0 0 0 0 0 0 0 0 0 0
2 0 0 0 0 0 0 0 0 0 0 0 0 0 0 0 0 0 0 0 0 0 0 0 0 0 0 0 0 0 0 0 0 0 0 0 0 0 0 0 0 0 0 0 0 0 0 0 0
3 0 0 0 0 0 0 0 0 0 0 0 0 0 0 0 0 0 0 0 0 0 0 0 0 0 0 0 0 0 0 0 0 0 0 0 0 0 0 0 0 0 0 0 0 0 0 0 0
4 0 0 0 0 0 0 0 0 0 0 0 0 0 0 0 0 0 0 0 0 0 0 0 0 0 0 0 0 0 0 0 0 0 0 0 0 0 0 0 0 0 0 0 0 0 0 0 0
5 0 0 0 0 0 0 0 0 0 0 0 0 0 0 0 0 0 0 0 0 0 0 0 0 0 0 0 0 0 0 0 0 0 0 0 0 0 0 0 0 0 0 0 0 0 0 0 0
6 0 0 0 0 0 0 0 0 0 0 0 0 0 0 0 0 0 0 0 0 0 0 0 0 0 0 0 0 0 0 0 0 0 0 0 0 0 0 0 0 0 0 0 0 0 0 0 0
7 0 0 0 0 0 0 0 0 0 0 0 0 0 0 0 0 0 0 0 0 0 0 0 0 0 0 0 0 0 0 0 0 0 0 0 0 0 0 0 0 0 0 0 0 0 0 0 0
8 0 0 0 0 0 0 0 0 0 0 0 0 0 0 0 0 0 0 0 0 0 0 0 0 0 0 0 0 0 0 0 0 0 0 0 0 0 0 0 0 0 0 0 0 0 0 0 0
9 0 0 0 0 0 0 0 0 0 0 0 0 0 0 0 0 0 0 0 0 0 0 0 0 0 0 0 0 0 0 0 0 0 0 0 0 0 0 0 0 0 0 0 0 0 0 0 0
10 0 0 0 0 0 0 0 0 0 0 0 0 0 0 0 0 0 0 0 0 0 0 0 0 0 0 0 0 0 0 0 0 0 0 0 0 0 0 0 0 0 0 0 0 0 0 0 0
11 0 0 0 0 0 0 0 0 0 0 0 0 0 0 0 0 0 0 0 0 0 0 0 0 0 0 0 0 0 0 0 0 0 0 0 0 0 0 0 0 0 0 0 0 0 0 0 0
12 0 0 0 0 0 0 0 0 0 0 0 0 0 0 0 0 0 0 0 0 0 0 0 0 0 0 0 0 0 0 0 0 0 0 0 0 0 0 0 0 0 0 0 0 0 0 0 0
13 0 0 0 0 0 0 0 0 0 0 0 0 0 0 0 0 0 0 0 0 0 0 0 0 0 0 0 0 0 0 0 0 0 0 0 0 0 0 0 0 0 0 0 0 0 0 0 0
14 0 0 0 0 0 0 0 0 0 0 0 0 0 0 0 0 0 0 0 0 0 0 0 0 0 0 0 0 0 0 0 0 0 0 0 0 0 0 0 0 0 0 0 0 0 0 0 0
15 0 0 0 0 0 0 0 0 0 0 0 0 0 0 0 0 0 0 0 0 0 0 0 0 0 0 0 0 0 0 0 0 0 0 0 0 0 0 0 0 0 0 0 0 0 0 0 0
16 0 0 0 0 0 0 0 0 0 0 0 0 0 0 0 0 0 0 0 0 0 0 0 0 0 0 0 0 0 0 0 0 0 0 0 0 0 0 0 0 0 0 0 0 0 0 0 0
17 0 0 0 0 0 0 0 0 0 0 0 0 0 0 0 0 0 0 0 0 0 0 0 0 0 0 0 0 0 0 0 0 0 0 0 0 0 0 0 0 0 0 0 0 0 0 0 0
18 32767 -32768 32767 -32768 32767 -32768 32767 -32768 32767 -32768 32767 -32768 32767 -32768 32767 -32768 -2 -32768 -2 -32768 -2 -32768 -2 -32768 -2 -32768 -2 -32768 -2 -32768 -2 -32768 0 1 0 1 0 1 0 1 0 1 0 1 0 1 0 1
19 0 0 0 0 0 0 0 0 0 0 0 0 0 0 0 0 0 32767 0 32767 0 32767 0 32767 0 32767 0 32767 0 32767 0 32767 0 2 0 2 0 2 0 2 0 2 0 2 0 2 0 2
20 0 0 0 0 0 0 0 0 0 0 0 0 0 0 0 0 -2 -32768 -2 -32768 -2 -32768 -2 -32768 -2 -32768 -2 -32768 -2 -32768 -2 -32768 0 1 0 1 0 1 0 1 0 1 0 1 0 1 0 1
21 0 0 0 0 0 0 0 0 0 0 0 0 0 0 0 0 0 32767 0 32767 0 32767 0 32767 0 32767 0 32767 0 32767 0 32767 0 2 0 2 0 2 0 2 0 2 0 2 0 2 0 2
22 0 0 0 0 0 0 0 0 0 0 0 0 0 0 0 0 -2 -32768 -2 -32768 -2 -32768 -2 -32768 -2 -32768 -2 -32768 -2 -32768 -2 -32768 0 1 0 1 0 1 0 1 0 1 0 1 0 1 0 1
23 0 0 0 0 0 0 0 0 0 0 0 0 0 0 0 0 0 32767 0 32767 0 32767 0 32767 0 32767 0 32767 0 32767 0 32767 0 2 0 2 0 2 0 2 0 2 0 2 0 2 0 2
24 0 0 0 0 0 0 0 0 0 0 0 0 0 0 0 0 -2 -32768 -2 -32768 -2 -32768 -2 -32768 -2 -32768 -2 -32768 -2 -32768 -2 -32768 0 1 0 1 0 1 0 1 0 1 0 1 0 1 0 1
25 0 0 0 0 0 0 0 0 0 0 0 0 0 0 0 0 0 32767 0 32767 0 32767 0 32767 0 32767 0 32767 0 32767 0 32767 0 2 0 2 0 2 0 2 0 2 0 2 0 2 0 2
26 0 0 0 0 0 0 0 0 0 0 0 0 0 0 0 0 -2 -32768 -2 -32768 -2 -32768 -2 -32768 -2 -32768 -2 -32768 -2 -32768 -2 -32768 0 1 0 1 0 1 0 1 0 1 0 1 0 1 0 1
27 0 0 0 0 0 0 0 0 0 0 0 0 0 0 0 0 0 32767 0 32767 0 32767 0 32767 0 32767 0 32767 0 32767 0 32767 0 2 0 2 0 2 0 2 0 2 0 2 0 2 0 2
28 0 0 0 0 0 0 0 0 0 0 0 0 0 0 0 0 -2 -32768 -2 -32768 -2 -32768 -2 -32768 -2 -32768 -2 -32768 -2 -32768 -2 -32768 0 1 0 1 0 1 0 1 0 1 0 1 0 1 0 1
29 0 0 0 0 0 0 0 0 0 0 0 0 0 0 0 0 0 32767 0 32767 0 32767 0 32767 0 32767 0 32767 0 32767 0 32767 0 2 0 2 0 2 0 2 0 2 0 2 0 2 0 2
30 0 0 0 0 0 0 0 0 0 0 0 0 0 0 0 0 -2 -32768 -2 -32768 -2 -32768 -2 -32768 -2 -32768 -2 -32768 -2 -32768 -2 -32768 0 1 0 1 0 1 0 1 0 1 0 1 0 1 0 1
31 0 0 0 0 0 0 0 0 0 0 0 0 0 0 0 0 0 32767 0 32767 0 32767 0 32767 0 32767 0 32767 0 32767 0 32767 0 2 0 2 0 2 0 2 0 2 0 2 0 2 0 2
32 0 0 0 0 0 0 0 0 0 0 0 0 0 0 0 0 -2 -32768 -2 -32768 -2 -32768 -2 -32768 -2 -32768 -2 -32768 -2 -32768 -2 -32768 0 1 0 1 0 1 0 1 0 1 0 1 0 1 0 1
33 0 0 0 0 0 0 0 0 0 0 0 0 0 0 0 0 0 32767 0 32767 0 32767 0 32767 0 32767 0 32767 0 32767 0 32767 0 2 0 2 0 2 0 2 0 2 0 2 0 2 0 2
34 0 0 0 0 0 0 0 0 0 0 0 0 0 0 0 0 0 0 0 0 0 0 0 0 0 0 0 0 0 0 0 0 0 0 0 0 0 0 0 0 0 0 0 0 0 0 0 0
35 0 0 0 0 0 0 0 0 0 0 0 0 0 0 0 0 0 0 0 0 0 0 0 0 0 0 0 0 0 0 0 0 0 0 0 0 0 0 0 0 0 0 0 0 0 0 0 0
36 0 0 0 0 0 0 0 0 0 0 0 0 0 0 0 0 0 0 0 0 0 0 0 0 0 0 0 0 0 0 0 0 0 0 0 0 0 0 0 0 0 0 0 0 0 0 0 0
37 12345 -9876 12345 -9876 12345 -9876 12345 -9876 12345 -9876 12345 -9876 12345 -9876 12345 -9876 2469 -22221 2469 -22221 2469 -22221 2469 -22221 2469 -22221 2469 -22221 2469 -22221 2469 -22221 0 0 0 0 0 0 0 0 0 0 0 0 0 0 0 0
38 12345 -9876 12345 -9876 12345 -9876 12345 -9876 12345 -9876 12345 -9876 12345 -9876 12345 -9876 -1 0 -1 0 -1 0 -1 0 -1 0 -1 0 -1 0 -1 0 0 0 0 0 0 0 0 0 0 0 0 0 0 0 0 0
39 12345 -9876 12345 -9876 12345 -9876 12345 -9876 12345 -9876 12345 -9876 12345 -9876 12345 -9876 2468 -22221 2468 -22221 2468 -22221 2468 -22221 2468 -22221 2468 -22221 2468 -22221 2468 -22221 0 0 0 0 0 0 0 0 0 0 0 0 0 0 0 0
40 12345 -9876 12345 -9876 12345 -9876 12345 -9876 12345 -9876 12345 -9876 12345 -9876 12345 -9876 -1 0 -1 0 -1 0 -1 0 -1 0 -1 0 -1 0 -1 0 0 0 0 0 0 0 0 0 0 0 0 0 0 0 0 0
41 12345 -9876 12345 -9876 12345 -9876 12345 -9876 12345 -9876 12345 -9876 12345 -9876 12345 -9876 2467 -22221 2467 -22221 2467 -22221 2467 -22221 2467 -22221 2467 -22221 2467 -22221 2467 -22221 0 0 0 0 0 0 0 0 0 0 0 0 0 0 0 0
42 12345 -9876 12345 -9876 12345 -9876 12345 -9876 12345 -9876 12345 -9876 12345 -9876 12345 -9876 -2 0 -2 0 -2 0 -2 0 -2 0 -2 0 -2 0 -2 0 0 0 0 0 0 0 0 0 0 0 0 0 0 0 0 0
43 12345 -9876 12345 -9876 12345 -9876 12345 -9876 12345 -9876 12345 -9876 12345 -9876 12345 -9876 2467 -22221 2467 -22221 2467 -22221 2467 -22221 2467 -22221 2467 -22221 2467 -22221 2467 -22221 0 0 0 0 0 0 0 0 0 0 0 0 0 0 0 0
44 12345 -9876 12345 -9876 12345 -9876 12345 -9876 12345 -9876 12345 -9876 12345 -9876 12345 -9876 -3 0 -3 0 -3 0 -3 0 -3 0 -3 0 -3 0 -3 0 0 0 0 0 0 0 0 0 0 0 0 0 0 0 0 0
45 12345 -9876 12345 -9876 12345 -9876 12345 -9876 12345 -9876 12345 -9876 12345 -9876 12345 -9876 2466 -22221 2466 -22221 2466 -22221 2466 -22221 2466 -22221 2466 -22221 2466 -22221 2466 -22221 0 0 0 0 0 0 0 0 0 0 0 0 0 0 0 0
46 12345 -9876 12345 -9876 12345 -9876 12345 -9876 12345 -9876 12345 -9876 12345 -9876 12345 -9876 -3 0 -3 0 -3 0 -3 0 -3 0 -3 0 -3 0 -3 0 0 0 0 0 0 0 0 0 0 0 0 0 0 0 0 0
47 12345 -9876 12345 -9876 12345 -9876 12345 -9876 12345 -9876 12345 -9876 12345 -9876 12345 -9876 2465 -22221 2465 -22221 2465 -22221 2465 -22221 2465 -22221 2465 -22221 2465 -22221 2465 -22221 0 0 0 0 0 0 0 0 0 0 0 0 0 0 0 0
48 12345 -9876 12345 -9876 12345 -9876 12345 -9876 12345 -9876 12345 -9876 12345 -9876 12345 -9876 -4 0 -4 0 -4 0 -4 0 -4 0 -4 0 -4 0 -4 0 0 0 0 0 0 0 0 0 0 0 0 0 0 0 0 0
49 12345 -9876 12345 -9876 12345 -9876 12345 -9876 12345 -9876 12345 -9876 12345 -9876 12345 -9876 2465 -22221 2465 -22221 2465 -22221 2465 -22221 2465 -22221 2465 -22221 2465 -22221 2465 -22221 0 0 0 0 0 0 0 0 0 0 0 0 0 0 0 0
50 12345 -9876 12345 -9876 12345 -9876 12345 -9876 12345 -9876 12345 -9876 12345 -9876 12345 -9876 -5 -1 -5 -1 -5 -1 -5 -1 -5 -1 -5 -1 -5 -1 -5 -1 0 0 0 0 0 0 0 0 0 0 0 0 0 0 0 0
51 12345 -9876 12345 -9876 12345 -9876 12345 -9876 12345 -9876 12345 -9876 12345 -9876 12345 -9876 2464 -22221 2464 -22221 2464 -22221 2464 -22221 2464 -22221 2464 -22221 2464 -22221 2464 -22221 0 0 0 0 0 0 0 0 0 0 0 0 0 0 0 0
52 12345 -9876 12345 -9876 12345 -9876 12345 -9876 12345 -9876 12345 -9876 12345 -9876 12345 -9876 -5 -1 -5 -1 -5 -1 -5 -1 -5 -1 -5 -1 -5 -1 -5 -1 0 0 0 0 0 0 0 0 0 0 0 0 0 0 0 0
53 12345 -9876 12345 -9876 12345 -9876 12345 -9876 12345 -9876 12345 -9876 12345 -9876 12345 -9876 -5 -1 -5 -1 -5 -1 -5 -1 -5 -1 -5 -1 -5 -1 -5 -1 0 0 0 0 0 0 0 0 0 0 0 0 0 0 0 0
54 12345 -9876 12345 -9876 12345 -9876 12345 -9876 12345 -9876 12345 -9876 12345 -9876 12345 -9876 -5 -1 -5 -1 -5 -1 -5 -1 -5 -1 -5 -1 -5 -1 -5 -1 0 0 0 0 0 0 0 0 0 0 0 0 0 0 0 0
55 24576 0 24104 4795 22705 9405 20434 13654 17378 17378 13654 20434 9405 22705 4795 24104 22101 -2356 26424 2911 29635 8920 31613 15440 32281 22220 31614 28999 29636 32767 26425 32767 0 0 0 0 0 0 0 0 0 0 0 0 0 2 0 2
56 0 24576 -4795 24104 -9405 22705 -13654 20434 -17378 17378 -20434 13654 -22705 9405 -24104 4795 -5 32767 -9594 32767 -18814 32767 -27312 32767 -32768 32767 -32768 27307 -32768 18809 -32768 9589 0 2 0 2 0 2 0 2 1 2 1 0 1 0 1 0
57 -24576 0 -24104 -4795 -22705 -9405 -20434 -13654 -17378 -17378 -13654 -20434 -9405 -22705 -4795 -24104 -27049 -2356 -21782 -6679 -15773 -9890 -9253 -11867 -2473 -12535 4307 -11867 10827 -9889 16836 -6678 0 0 0 0 0 0 0 0 0 0 0 0 0 0 0 0
58 0 -24576 4795 -24104 9405 -22705 13654 -20434 17378 -17378 20434 -13654 22705 -9405 24104 -4795 -4 0 -4 0 -4 0 -4 0 -4 0 -4 0 -4 0 -4 0 0 0 0 0 0 0 0 0 0 0 0 0 0 0 0 0
59 24576 0 24104 4795 22705 9405 20434 13654 17378 17378 13654 20434 9405 22705 4795 24104 22103 -2356 26426 2911 29637 8920 31615 15440 32283 22220 31615 29000 29637 32767 26426 32767 0 0 0 0 0 0 0 0 0 0 0 0 0 2 0 2
60 0 24576 -4795 24104 -9405 22705 -13654 20434 -17378 17378 -20434 13654 -22705 9405 -24104 4795 -3 32767 -9593 32767 -18813 32767 -27311 32767 -32768 32767 -32768 27307 -32768 18809 -32768 9589 0 2 0 2 0 2 0 2 1 2 1 0 1 0 1 0
61 -24576 0 -24104 -4795 -22705 -9405 -20434 -13654 -17378 -17378 -13654 -20434 -9405 -22705 -4795 -24104 -27047 -2356 -21780 -6679 -15771 -9889 -9251 -11867 -2471 -12535 4308 -11867 10828 -9889 16837 -6678 0 0 0 0 0 0 0 0 0 0 0 0 0 0 0 0
62 0 -24576 4795 -24104 9405 -22705 13654 -20434 17378 -17378 20434 -13654 22705 -9405 24104 -4795 -3 0 -3 0 -3 0 -3 0 -3 0 -3 0 -3 0 -3 0 0 0 0 0 0 0 0 0 0 0 0 0 0 0 0 0
63 24576 0 24104 4795 22705 9405 20434 13654 17378 17378 13654 20434 9405 22705 4795 24104 22104 -2356 26427 2911 29638 8920 31616 15440 32284 22220 31616 29000 29638 32767 26428 32767 0 0 0 0 0 0 0 0 0 0 0 0 0 2 0 2
64 0 24576 -4795 24104 -9405 22705 -13654 20434 -17378 17378 -20434 13654 -22705 9405 -24104 4795 -2 32767 -9592 32767 -18811 32767 -27309 32767 -32768 32767 -32768 27307 -32768 18809 -32768 9589 0 2 0 2 0 2 0 2 1 2 1 0 1 0 1 0
65 -24576 0 -24104 -4795 -22705 -9405 -20434 -13654 -17378 -17378 -13654 -20434 -9405 -22705 -4795 -24104 -27046 -2356 -21779 -6678 -15770 -9889 -9250 -11867 -2470 -12535 4310 -11867 10830 -9889 16838 -6678 0 0 0 0 0 0 0 0 0 0 0 0 0 0 0 0
66 0 -24576 4795 -24104 9405 -22705 13654 -20434 17378 -17378 20434 -13654 22705 -9405 24104 -4795 -1 0 -1 0 -1 0 -1 0 -1 0 -1 0 -1 0 -1 0 0 0 0 0 0 0 0 0 0 0 0 0 0 0 0 0
67 24576 0 24104 4795 22705 9405 20434 13654 17378 17378 13654 20434 9405 22705 4795 24104 22105 -2355 26428 2911 29639 8920 31617 15440 32285 22220 31618 29000 29640 32767 26429 32767 0 0 0 0 0 0 0 0 0 0 0 0 0 2 0 2
68 0 24576 -4795 24104 -9405 22705 -13654 20434 -17378 17378 -20434 13654 -22705 9405 -24104 4795 -1 32767 -9590 32767 -18810 32767 -27308 32767 -32768 32767 -32768 27307 -32768 18809 -32768 9590 0 2 0 2 0 2 0 2 1 2 1 0 1 0 1 0
69 -24576 0 -24104 -4795 -22705 -9405 -20434 -13654 -17378 -17378 -13654 -20434 -9405 -22705 -4795 -24104 -27045 -2355 -21778 -6678 -15769 -9889 -9249 -11867 -2469 -12535 4311 -11867 10831 -9889 16840 -6678 0 0 0 0 0 0 0 0 0 0 0 0 0 0 0 0
70 0 -24576 4795 -24104 9405 -22705 13654 -20434 17378 -17378 20434 -13654 22705 -9405 24104 -4795 0 0 0 0 0 0 0 0 0 0 0 0 0 0 0 0 0 0 0 0 0 0 0 0 0 0 0 0 0 0 0 0
71 24576 0 24104 4795 22705 9405 20434 13654 17378 17378 13654 20434 9405 22705 4795 24104 0 0 0 0 0 0 0 0 0 0 0 0 0 0 0 0 0 0 0 0 0 0 0 0 0 0 0 0 0 0 0 0
72 0 24576 -4795 24104 -9405 22705 -13654 20434 -17378 17378 -20434 13654 -22705 9405 -24104 4795 0 0 0 0 0 0 0 0 0 0 0 0 0 0 0 0 0 0 0 0 0 0 0 0 0 0 0 0 0 0 0 0
73 -24576 0 -24104 -4795 -22705 -9405 -20434 -13654 -17378 -17378 -13654 -20434 -9405 -22705 -4795 -24104 0 0 0 0 0 0 0 0 0 0 0 0 0 0 0 0 0 0 0 0 0 0 0 0 0 0 0 0 0 0 0 0
74 0 -24576 4795 -24104 9405 -22705 13654 -20434 17378 -17378 20434 -13654 22705 -9405 24104 -4795 0 0 0 0 0 0 0 0 0 0 0 0 0 0 0 0 0 0 0 0 0 0 0 0 0 0 0 0 0 0 0 0
75 24576 0 24104 4795 22705 9405 20434 13654 17378 17378 13654 20434 9405 22705 4795 24104 0 0 0 0 0 0 0 0 0 0 0 0 0 0 0 0 0 0 0 0 0 0 0 0 0 0 0 0 0 0 0 0
76 0 24576 -4795 24104 -9405 22705 -13654 20434 -17378 17378 -20434 13654 -22705 9405 -24104 4795 0 0 0 0 0 0 0 0 0 0 0 0 0 0 0 0 0 0 0 0 0 0 0 0 0 0 0 0 0 0 0 0
77 -24576 0 -24104 -4795 -22705 -9405 -20434 -13654 -17378 -17378 -13654 -20434 -9405 -22705 -4795 -24104 0 0 0 0 0 0 0 0 0 0 0 0 0 0 0 0 0 0 0 0 0 0 0 0 0 0 0 0 0 0 0 0
78 0 -24576 4795 -24104 9405 -22705 13654 -20434 17378 -17378 20434 -13654 22705 -9405 24104 -4795 0 0 0 0 0 0 0 0 0 0 0 0 0 0 0 0 0 0 0 0 0 0 0 0 0 0 0 0 0 0 0 0
79 24576 0 24104 4795 22705 9405 20434 13654 17378 17378 13654 20434 9405 22705 4795 24104 0 0 0 0 0 0 0 0 0 0 0 0 0 0 0 0 0 0 0 0 0 0 0 0 0 0 0 0 0 0 0 0
80 0 24576 -4795 24104 -9405 22705 -13654 20434 -17378 17378 -20434 13654 -22705 9405 -24104 4795 0 0 0 0 0 0 0 0 0 0 0 0 0 0 0 0 0 0 0 0 0 0 0 0 0 0 0 0 0 0 0 0
81 -24576 0 -24104 -4795 -22705 -9405 -20434 -13654 -17378 -17378 -13654 -20434 -9405 -22705 -4795 -24104 0 0 0 0 0 0 0 0 0 0 0 0 0 0 0 0 0 0 0 0 0 0 0 0 0 0 0 0 0 0 0 0
82 0 -24576 4795 -24104 9405 -22705 13654 -20434 17378 -17378 20434 -13654 22705 -9405 24104 -4795 0 0 0 0 0 0 0 0 0 0 0 0 0 0 0 0 0 0 0 0 0 0 0 0 0 0 0 0 0 0 0 0
83 24576 0 24104 4795 22705 9405 20434 13654 17378 17378 13654 20434 9405 22705 4795 24104 0 0 0 0 0 0 0 0 0 0 0 0 0 0 0 0 0 0 0 0 0 0 0 0 0 0 0 0 0 0 0 0
84 0 24576 -4795 24104 -9405 22705 -13654 20434 -17378 17378 -20434 13654 -22705 9405 -24104 4795 0 0 0 0 0 0 0 0 0 0 0 0 0 0 0 0 0 0 0 0 0 0 0 0 0 0 0 0 0 0 0 0
85 -24576 0 -24104 -4795 -22705 -9405 -20434 -13654 -17378 -17378 -13654 -20434 -9405 -22705 -4795 -24104 0 0 0 0 0 0 0 0 0 0 0 0 0 0 0 0 0 0 0 0 0 0 0 0 0 0 0 0 0 0 0 0
86 0 -24576 4795 -24104 9405 -22705 13654 -20434 17378 -17378 20434 -13654 22705 -9405 24104 -4795 0 0 0 0 0 0 0 0 0 0 0 0 0 0 0 0 0 0 0 0 0 0 0 0 0 0 0 0 0 0 0 0
87 24576 0 24104 4795 22705 9405 20434 13654 17378 17378 13654 20434 9405 22705 4795 24104 0 0 0 0 0 0 0 0 0 0 0 0 0 0 0 0 0 0 0 0 0 0 0 0 0 0 0 0 0 0 0 0
88 0 24576 -4795 24104 -9405 22705 -13654 20434 -17378 17378 -20434 13654 -22705 9405 -24104 4795 0 0 0 0 0 0 0 0 0 0 0 0 0 0 0 0 0 0 0 0 0 0 0 0 0 0 0 0 0 0 0 0
89 -24576 0 -24104 -4795 -22705 -9405 -20434 -13654 -17378 -17378 -13654 -20434 -9405 -22705 -4795 -24104 0 0 0 0 0 0 0 0 0 0 0 0 0 0 0 0 0 0 0 0 0 0 0 0 0 0 0 0 0 0 0 0
90 0 -24576 4795 -24104 9405 -22705 13654 -20434 17378 -17378 20434 -13654 22705 -9405 24104 -4795 0 0 0 0 0 0 0 0 0 0 0 0 0 0 0 0 0 0 0 0 0 0 0 0 0 0 0 0 0 0 0 0
91 32767 32767 32767 32767 32767 32767 32767 32767 32767 32767 32767 32767 32767 32767 32767 32767 32767 24575 32767 19308 32767 13299 31446 6779 30778 0 31445 -6780 32767 -13300 32767 -19309 2 0 2 0 2 0 0 0 0 0 0 0 2 0 2 0
92 32767 32767 32767 32767 32767 32767 32767 32767 32767 32767 32767 32767 32767 32767 32767 32767 0 -32768 9590 -32768 18809 -32768 27307 -32768 32767 -32768 32767 -27309 32767 -18811 32767 -9592 0 1 0 1 0 1 0 1 2 1 2 0 2 0 2 0
93 32767 32767 32767 32767 32767 32767 32767 32767 32767 32767 32767 32767 32767 32767 32767 32767 32767 24573 32767 28896 32767 32107 32767 32767 32767 32767 32767 32767 32767 32106 32767 28895 2 0 2 0 2 0 2 2 2 2 2 2 2 0 2 0
94 32767 32767 32767 32767 32767 32767 32767 32767 32767 32767 32767 32767 32767 32767 32767 32767 0 -4 0 -4 0 -4 0 -4 0 -4 0 -4 0 -4 0 -4 0 0 0 0 0 0 0 0 0 0 0 0 0 0 0 0
95 32767 32767 32767 32767 32767 32767 32767 32767 32767 32767 32767 32767 32767 32767 32767 32767 32767 24571 32767 19304 32767 13295 31446 6775 30778 -4 31445 -6784 32767 -13304 32767 -19313 2 0 2 0 2 0 0 0 0 0 0 0 2 0 2 0
