# pfb vector file
# schema: 1
# kind: pfb_io
# set: proto
# phases: 4
# taps: 8
# coeff_file: pfb_proto_p4t8.coeff
# seed: 1422442830
# rounding_mode: nearest_even
# acc_w: 36
# count: 96
# generator: scripts/generate_coefficients.py
# reference: model/python/pfb_model.py (NumPy, independent)
# the model starts from an all-zero history at beat 0
# f* is the packed saturation flag word: sat_pos<<1 | sat_neg
# columns: beat x0_re x0_im x1_re x1_im x2_re x2_im x3_re x3_im y0_re y0_im y1_re y1_im y2_re y2_im y3_re y3_im f0_re f0_im f1_re f1_im f2_re f2_im f3_re f3_im
0 0 0 0 0 0 0 0 0 0 0 0 0 0 0 0 0 0 0 0 0 0 0 0 0
1 0 0 0 0 0 0 0 0 0 0 0 0 0 0 0 0 0 0 0 0 0 0 0 0
2 0 0 0 0 0 0 0 0 0 0 0 0 0 0 0 0 0 0 0 0 0 0 0 0
3 0 0 0 0 0 0 0 0 0 0 0 0 0 0 0 0 0 0 0 0 0 0 0 0
4 0 0 0 0 0 0 0 0 0 0 0 0 0 0 0 0 0 0 0 0 0 0 0 0
5 0 0 0 0 0 0 0 0 0 0 0 0 0 0 0 0 0 0 0 0 0 0 0 0
6 0 0 0 0 0 0 0 0 0 0 0 0 0 0 0 0 0 0 0 0 0 0 0 0
7 0 0 0 0 0 0 0 0 0 0 0 0 0 0 0 0 0 0 0 0 0 0 0 0
8 0 0 0 0 0 0 0 0 0 0 0 0 0 0 0 0 0 0 0 0 0 0 0 0
9 0 0 0 0 0 0 0 0 0 0 0 0 0 0 0 0 0 0 0 0 0 0 0 0
10 32767 -32768 32767 -32768 32767 -32768 32767 -32768 0 0 -17 17 -73 73 -73 73 0 0 0 0 0 0 0 0
11 0 0 0 0 0 0 0 0 137 -137 548 -548 840 -840 505 -505 0 0 0 0 0 0 0 0
12 0 0 0 0 0 0 0 0 -709 709 -2351 2351 -3200 3200 -1813 1813 0 0 0 0 0 0 0 0
13 0 0 0 0 0 0 0 0 2544 -2544 9162 -9162 15920 -15920 20195 -20196 0 0 0 0 0 0 0 0
14 0 0 0 0 0 0 0 0 20195 -20196 15920 -15920 9162 -9162 2544 -2544 0 0 0 0 0 0 0 0
15 0 0 0 0 0 0 0 0 -1813 1813 -3200 3200 -2351 2351 -709 709 0 0 0 0 0 0 0 0
16 0 0 0 0 0 0 0 0 505 -505 840 -840 548 -548 137 -137 0 0 0 0 0 0 0 0
17 0 0 0 0 0 0 0 0 -73 73 -73 73 -17 17 0 0 0 0 0 0 0 0 0 0
18 0 0 0 0 0 0 0 0 0 0 0 0 0 0 0 0 0 0 0 0 0 0 0 0
19 0 0 0 0 0 0 0 0 0 0 0 0 0 0 0 0 0 0 0 0 0 0 0 0
20 0 0 0 0 0 0 0 0 0 0 0 0 0 0 0 0 0 0 0 0 0 0 0 0
21 12345 -9876 12345 -9876 12345 -9876 12345 -9876 0 0 -6 5 -28 22 -28 22 0 0 0 0 0 0 0 0
22 12345 -9876 12345 -9876 12345 -9876 12345 -9876 52 -41 200 -160 289 -231 163 -130 0 0 0 0 0 0 0 0
23 12345 -9876 12345 -9876 12345 -9876 12345 -9876 -215 172 -686 549 -917 733 -520 416 0 0 0 0 0 0 0 0
24 12345 -9876 12345 -9876 12345 -9876 12345 -9876 743 -594 2766 -2213 5081 -4065 7088 -5671 0 0 0 0 0 0 0 0
25 12345 -9876 12345 -9876 12345 -9876 12345 -9876 8352 -6681 8764 -7011 8533 -6826 8047 -6437 0 0 0 0 0 0 0 0
26 12345 -9876 12345 -9876 12345 -9876 12345 -9876 7669 -6135 7558 -6047 7647 -6118 7780 -6224 0 0 0 0 0 0 0 0
27 12345 -9876 12345 -9876 12345 -9876 12345 -9876 7859 -6287 7875 -6300 7854 -6283 7831 -6265 0 0 0 0 0 0 0 0
28 12345 -9876 12345 -9876 12345 -9876 12345 -9876 7831 -6265 7847 -6278 7847 -6278 7831 -6265 0 0 0 0 0 0 0 0
29 12345 -9876 12345 -9876 12345 -9876 12345 -9876 7831 -6265 7847 -6278 7847 -6278 7831 -6265 0 0 0 0 0 0 0 0
30 12345 -9876 12345 -9876 12345 -9876 12345 -9876 7831 -6265 7847 -6278 7847 -6278 7831 -6265 0 0 0 0 0 0 0 0
31 24576 0 22705 9405 17378 17378 9405 22705 7831 -6265 7842 -6288 7836 -6338 7838 -6338 0 0 0 0 0 0 0 0
32 0 24576 -9405 22705 -17378 17378 -22705 9405 7882 -6224 8032 -5972 8042 -5640 7864 -5806 0 0 0 0 0 0 0 0
33 -24576 0 -22705 -9405 -17378 -17378 -9405 -22705 7515 -6335 6758 -7116 6660 -8224 7502 -7742 0 0 0 0 0 0 0 0
34 0 -24576 9405 -22705 17378 -17378 22705 -9405 8894 -6202 11720 -3210 12422 4126 7600 12550 0 0 0 0 0 0 0 0
35 24576 0 22705 9405 17378 17378 9405 22705 15158 2221 9259 11941 -2166 15063 -12630 8792 0 0 0 0 0 0 0 0
36 0 24576 -9405 22705 -17378 17378 -22705 9405 -3002 15549 -13136 9026 -15561 -2887 -8772 -12947 0 0 0 0 0 0 0 0
37 -24576 0 -22705 -9405 -17378 -17378 -9405 -22705 -15328 -3143 -8703 -13162 3011 -15466 12945 -8729 0 0 0 0 0 0 0 0
38 0 -24576 9405 -22705 17378 -17378 22705 -9405 3110 -15300 13133 -8696 15462 3009 8729 12945 0 0 0 0 0 0 0 0
39 24576 0 22705 9405 17378 17378 9405 22705 15300 3110 8696 13133 -3009 15462 -12945 8729 0 0 0 0 0 0 0 0
40 0 24576 -9405 22705 -17378 17378 -22705 9405 -3110 15300 -13133 8696 -15462 -3009 -8729 -12945 0 0 0 0 0 0 0 0
41 -24576 0 -22705 -9405 -17378 -17378 -9405 -22705 -15300 -3110 -8696 -13133 3009 -15462 12945 -8729 0 0 0 0 0 0 0 0
42 0 -24576 9405 -22705 17378 -17378 22705 -9405 3110 -15300 13133 -8696 15462 3009 8729 12945 0 0 0 0 0 0 0 0
43 24576 0 22705 9405 17378 17378 9405 22705 15300 3110 8696 13133 -3009 15462 -12945 8729 0 0 0 0 0 0 0 0
44 0 24576 -9405 22705 -17378 17378 -22705 9405 -3110 15300 -13133 8696 -15462 -3009 -8729 -12945 0 0 0 0 0 0 0 0
45 -24576 0 -22705 -9405 -17378 -17378 -9405 -22705 -15300 -3110 -8696 -13133 3009 -15462 12945 -8729 0 0 0 0 0 0 0 0
46 0 -24576 9405 -22705 17378 -17378 22705 -9405 3110 -15300 13133 -8696 15462 3009 8729 12945 0 0 0 0 0 0 0 0
47 24576 0 22705 9405 17378 17378 9405 22705 15300 3110 8696 13133 -3009 15462 -12945 8729 0 0 0 0 0 0 0 0
48 0 24576 -9405 22705 -17378 17378 -22705 9405 -3110 15300 -13133 8696 -15462 -3009 -8729 -12945 0 0 0 0 0 0 0 0
49 -24576 0 -22705 -9405 -17378 -17378 -9405 -22705 -15300 -3110 -8696 -13133 3009 -15462 12945 -8729 0 0 0 0 0 0 0 0
50 0 -24576 9405 -22705 17378 -17378 22705 -9405 3110 -15300 13133 -8696 15462 3009 8729 12945 0 0 0 0 0 0 0 0
51 32767 32767 32767 32767 32767 32767 32767 32767 15300 3110 8691 13121 -3043 15428 -12997 8706 0 0 0 0 0 0 0 0
52 32767 32767 32767 32767 32767 32767 32767 32767 -3076 15437 -12987 9082 -15179 -2648 -8492 -12842 0 0 0 0 0 0 0 0
53 32767 32767 32767 32767 32767 32767 32767 32767 -15340 -3785 -8742 -14663 2679 -16682 12413 -9049 0 0 0 0 0 0 0 0
54 32767 32767 32767 32767 32767 32767 32767 32767 3277 -12796 13837 -2210 19293 10156 20686 18615 0 0 0 0 0 0 0 0
55 32767 32767 32767 32767 32767 32767 32767 32767 21789 23472 21782 25187 21120 23595 20828 21467 0 0 0 0 0 0 0 0
56 -32768 -32768 -32768 -32768 -32768 -32768 -32768 -32768 20409 19976 20387 19534 20743 20162 20890 20756 0 0 0 0 0 0 0 0
57 -32768 -32768 -32768 -32768 -32768 -32768 -32768 -32768 20585 20640 19818 19890 19302 19320 19922 19922 0 0 0 0 0 0 0 0
58 -32768 -32768 -32768 -32768 -32768 -32768 -32768 -32768 21930 21930 24468 24468 25694 25694 23548 23548 0 0 0 0 0 0 0 0
59 -32768 -32768 -32768 -32768 -32768 -32768 -32768 -32768 16842 16842 6145 6145 -6145 -6145 -16843 -16843 0 0 0 0 0 0 0 0
60 -32768 -32768 -32768 -32768 -32768 -32768 -32768 -32768 -23549 -23549 -25695 -25695 -24469 -24469 -21931 -21931 0 0 0 0 0 0 0 0
61 -28240 30775 -24360 4229 -30722 10962 23948 -3197 -19923 -19923 -19299 -19314 -19772 -19864 -20639 -20579 0 0 0 0 0 0 0 0
62 -1286 9087 28829 25376 -17724 -29729 23936 10195 -20914 -20667 -20866 -20386 -20844 -19749 -20039 -20427 0 0 0 0 0 0 0 0
63 18468 5414 21531 -25839 -31908 -20536 -17959 -3773 -20753 -21987 -20430 -22515 -20645 -25049 -23084 -21826 0 0 0 0 0 0 0 0
64 -22134 -19839 -2168 21317 -27521 16046 14104 -30714 -20902 -16600 -22005 -14568 -21294 325 11155 -4496 0 0 0 0 0 0 0 0
65 31484 3023 31213 -6542 27202 25916 -30862 23075 -16616 20854 -2939 13797 -13031 -7199 18464 6291 0 0 0 0 0 0 0 0
66 -21887 -29514 13736 -14815 23606 11638 -21084 -2131 2382 4328 22309 2293 -15452 -20536 -11075 458 0 0 0 0 0 0 0 0
67 -8230 -28445 22063 8425 -20346 32116 -4645 -17671 8600 1652 4466 -8673 -23523 2083 8274 -20727 0 0 0 0 0 0 0 0
68 -31406 5295 -16945 24892 19989 23354 -4198 -23986 -11737 -11701 5757 12883 4658 17683 -16333 11861 0 0 0 0 0 0 0 0
69 -6079 -28847 -18388 -24819 256 15775 18774 16900 19264 1370 17848 -10297 23023 8848 -15621 1697 0 0 0 0 0 0 0 0
70 9732 694 -20879 23072 -20505 -9071 -28717 30939 -15599 -21119 10610 -5812 -7580 15421 -3187 -10166 0 0 0 0 0 0 0 0
71 16068 -4717 15852 -5915 17890 -15926 18797 17152 -5593 -14770 6407 14454 2208 18179 -4144 -16509 0 0 0 0 0 0 0 0
72 511 4717 11856 7638 -30910 -28401 2141 23036 -19924 2101 -13489 2208 10084 12612 13131 7428 0 0 0 0 0 0 0 0
73 -19480 2071 4752 11006 10555 19613 8284 31864 -1677 -18269 -13523 -7243 -14240 -357 -17196 20161 0 0 0 0 0 0 0 0
74 -19280 26566 -2029 22554 2276 18895 26015 -25253 7024 1709 -5170 12223 6569 -7797 8883 11780 0 0 0 0 0 0 0 0
75 -4323 -4770 -26586 -2226 -3357 -23145 24177 -12546 9722 -2970 12261 -4094 -9515 -18728 3367 12806 0 0 0 0 0 0 0 0
76 27637 -3818 25461 10649 -4122 5484 -26231 30389 -1524 2809 4734 6352 -5440 120 3737 22322 0 0 0 0 0 0 0 0
77 -26431 -4066 -22588 -9398 1333 -2991 12473 -30954 -13096 3091 3381 11047 6804 18847 14940 -12286 0 0 0 0 0 0 0 0
78 -16550 6069 -17510 -17280 -8171 19441 24927 4404 -11877 16037 -10810 8557 -1823 -8491 18339 -12454 0 0 0 0 0 0 0 0
79 -17427 -27511 -22593 4284 -29341 17246 10484 14347 749 -4571 -4165 342 -3186 -4068 -15148 20184 0 0 0 0 0 0 0 0
80 -30470 -1634 20214 -25521 -17376 -23363 -27221 26847 15252 -2246 9456 4642 -147 642 4080 -16635 0 0 0 0 0 0 0 0
81 -3622 -13631 30869 23895 32445 -22182 -16926 11158 -18878 -1368 -17090 -11291 -1011 5585 16038 -804 0 0 0 0 0 0 0 0
82 15514 8516 -12357 -5903 -29252 21686 16705 -18657 -9011 1760 -12834 -3768 -14109 15797 9225 8709 0 0 0 0 0 0 0 0
83 -29955 -8933 22664 14028 -13142 9047 61 -19779 -12516 -17142 -6684 -5452 -19924 -5274 -15257 16575 0 0 0 0 0 0 0 0
84 -20907 -4874 -25599 16999 10958 27988 7126 -10679 -18754 -662 21538 -5909 15368 -20168 -13607 9421 0 0 0 0 0 0 0 0
85 13491 -6390 -30089 26885 -12652 -31522 -32676 15127 987 -7914 6990 11863 -2787 6193 9794 -10257 0 0 0 0 0 0 0 0
86 4944 -29293 18759 11503 -7268 13244 -11693 17505 7515 5424 -789 -2719 -18545 8080 715 -12983 0 0 0 0 0 0 0 0
87 19860 -18230 25236 -6063 26432 -27085 -21713 -27244 -21203 -6546 8266 11081 5290 17691 5641 -8174 0 0 0 0 0 0 0 0
88 -13924 -2422 -31976 32409 19893 12921 -6723 23868 -9958 -2287 -24356 13258 -1303 -9781 -19190 7403 0 0 0 0 0 0 0 0
89 11170 -12431 -24712 -5449 11471 12796 -10789 9584 8871 -5715 -8598 15971 -10156 -1299 -8776 13966 0 0 0 0 0 0 0 0
90 25403 -30264 -27512 -27052 24199 -7379 -16614 14830 3935 -19171 20297 -730 10205 -7648 -13311 -17010 0 0 0 0 0 0 0 0
91 -24700 6533 1581 -9249 6165 -364 21460 5505 11005 -9748 2086 5587 16846 -4225 -5420 11966 0 0 0 0 0 0 0 0
92 -5000 13213 3427 -18043 -14666 9426 -22035 18311 -9420 -1204 -22363 16845 6951 12701 -5452 7646 0 0 0 0 0 0 0 0
93 26612 -7450 -6499 15045 3994 -4134 -3978 -20767 10436 -10179 -16023 -13203 12996 -1108 -12541 9278 0 0 0 0 0 0 0 0
94 31903 -3268 -21106 -22555 -238 -9819 17304 32718 13082 -17771 -11731 -12795 10792 -3933 13261 3031 0 0 0 0 0 0 0 0
95 23398 -1681 -10908 9944 16471 13644 -7091 -23023 -17256 6688 3970 -8570 -7389 5336 -11098 13137 0 0 0 0 0 0 0 0
