# pfb vector file
# schema: 1
# kind: pfb_io
# set: random
# phases: 4
# taps: 8
# coeff_file: pfb_random_p4t8.coeff
# seed: 521440925
# rounding_mode: nearest_even
# acc_w: 36
# count: 96
# generator: scripts/generate_coefficients.py
# reference: model/python/pfb_model.py (NumPy, independent)
# the model starts from an all-zero history at beat 0
# f* is the packed saturation flag word: sat_pos<<1 | sat_neg
# columns: beat x0_re x0_im x1_re x1_im x2_re x2_im x3_re x3_im y0_re y0_im y1_re y1_im y2_re y2_im y3_re y3_im f0_re f0_im f1_re f1_im f2_re f2_im f3_re f3_im
0 0 0 0 0 0 0 0 0 0 0 0 0 0 0 0 0 0 0 0 0 0 0 0 0
1 0 0 0 0 0 0 0 0 0 0 0 0 0 0 0 0 0 0 0 0 0 0 0 0
2 0 0 0 0 0 0 0 0 0 0 0 0 0 0 0 0 0 0 0 0 0 0 0 0
3 0 0 0 0 0 0 0 0 0 0 0 0 0 0 0 0 0 0 0 0 0 0 0 0
4 0 0 0 0 0 0 0 0 0 0 0 0 0 0 0 0 0 0 0 0 0 0 0 0
5 0 0 0 0 0 0 0 0 0 0 0 0 0 0 0 0 0 0 0 0 0 0 0 0
6 0 0 0 0 0 0 0 0 0 0 0 0 0 0 0 0 0 0 0 0 0 0 0 0
7 0 0 0 0 0 0 0 0 0 0 0 0 0 0 0 0 0 0 0 0 0 0 0 0
8 0 0 0 0 0 0 0 0 0 0 0 0 0 0 0 0 0 0 0 0 0 0 0 0
9 0 0 0 0 0 0 0 0 0 0 0 0 0 0 0 0 0 0 0 0 0 0 0 0
10 32767 -32768 32767 -32768 32767 -32768 32767 -32768 32767 -3520 -27733 -30922 -23285 15502 32767 19450 2 0 0 0 0 0 2 0
11 0 0 0 0 0 0 0 0 -2428 20968 32767 15477 -13792 -32768 -24824 -11513 0 0 2 0 0 1 0 0
12 0 0 0 0 0 0 0 0 9361 -21531 -26039 11840 -7499 -32768 -32768 18604 0 0 0 0 0 1 1 0
13 0 0 0 0 0 0 0 0 8802 2144 3978 -32768 -2732 3872 32767 -4710 0 0 0 1 0 0 2 0
14 0 0 0 0 0 0 0 0 -5998 32767 27178 31969 10942 13774 -26248 -596 0 2 0 0 0 0 0 0
15 0 0 0 0 0 0 0 0 -7871 20351 13767 8835 32767 -3802 -14567 32767 0 0 0 0 2 0 0 2
16 0 0 0 0 0 0 0 0 -32768 -1328 32767 -10263 -12159 11717 32767 18402 1 0 2 0 0 0 2 0
17 0 0 0 0 0 0 0 0 32767 19265 7365 -32768 26885 -10758 28196 -32768 2 0 0 1 0 0 0 1
18 0 0 0 0 0 0 0 0 0 0 0 0 0 0 0 0 0 0 0 0 0 0 0 0
19 0 0 0 0 0 0 0 0 0 0 0 0 0 0 0 0 0 0 0 0 0 0 0 0
20 0 0 0 0 0 0 0 0 0 0 0 0 0 0 0 0 0 0 0 0 0 0 0 0
21 12345 -9876 12345 -9876 12345 -9876 12345 -9876 16340 608 -8238 -11530 -8480 4379 10595 7854 0 0 0 0 0 0 0 0
22 12345 -9876 12345 -9876 12345 -9876 12345 -9876 14727 7626 7429 -4476 -11785 -8481 2612 3015 0 0 0 0 0 0 0 0
23 12345 -9876 12345 -9876 12345 -9876 12345 -9876 18712 678 -1846 -1443 -12741 -23036 -12828 7685 0 0 0 0 0 0 0 0
24 12345 -9876 12345 -9876 12345 -9876 12345 -9876 21616 1737 1284 -17323 -13813 -21826 839 7587 0 0 0 0 0 0 0 0
25 12345 -9876 12345 -9876 12345 -9876 12345 -9876 17419 20979 9295 -5459 -10622 -16743 -8038 6396 0 0 0 0 0 0 0 0
26 12345 -9876 12345 -9876 12345 -9876 12345 -9876 13983 27582 13630 -1945 6072 -16193 -14389 18550 0 0 0 0 0 0 0 0
27 12345 -9876 12345 -9876 12345 -9876 12345 -9876 -4357 25088 27736 -3900 1508 -12678 -3471 26080 0 0 0 0 0 0 0 0
28 12345 -9876 12345 -9876 12345 -9876 12345 -9876 10526 32767 32036 -19847 11030 -15313 7341 15873 0 2 0 0 0 0 0 0
29 12345 -9876 12345 -9876 12345 -9876 12345 -9876 10526 32767 32036 -19847 11030 -15313 7341 15873 0 2 0 0 0 0 0 0
30 12345 -9876 12345 -9876 12345 -9876 12345 -9876 10526 32767 32036 -19847 11030 -15313 7341 15873 0 2 0 0 0 0 0 0
31 24576 0 22705 9405 17378 17378 9405 22705 13431 32767 32767 -28181 11288 -32041 -19564 20441 0 2 2 0 0 0 0 0
32 0 24576 -9405 22705 -17378 17378 -22705 9405 -29580 32767 32767 20775 32767 -22368 2987 -13278 0 2 2 0 2 0 0 0
33 -24576 0 -22705 -9405 -17378 -17378 -9405 -22705 -22799 2734 -13351 -6754 32767 32767 32767 -18628 0 0 0 0 2 2 2 0
34 0 -24576 9405 -22705 17378 -17378 22705 -9405 21350 21110 32767 -32768 -4884 32767 27552 32767 0 0 2 1 0 2 0 2
35 24576 0 22705 9405 17378 17378 9405 22705 -20165 32767 32767 17736 -22063 -22494 -25293 17787 0 2 2 0 0 0 0 0
36 0 24576 -9405 22705 -17378 17378 -22705 9405 -32768 -2820 -15254 32767 30898 -16947 -1979 -32768 1 0 0 2 0 0 0 1
37 -24576 0 -22705 -9405 -17378 -17378 -9405 -22705 3635 -32768 -32768 -31865 21135 16857 32767 -20872 0 1 1 0 0 0 2 0
38 0 -24576 9405 -22705 17378 -17378 22705 -9405 32767 13240 32767 -32768 -13787 25872 21227 32767 2 0 2 1 0 0 0 2
39 24576 0 22705 9405 17378 17378 9405 22705 -13240 32767 32767 32767 -25872 -13787 -32768 21227 0 2 2 2 0 0 1 0
40 0 24576 -9405 22705 -17378 17378 -22705 9405 -32768 -13240 -32768 32767 13787 -25872 -21227 -32768 1 0 1 2 0 0 0 1
41 -24576 0 -22705 -9405 -17378 -17378 -9405 -22705 13240 -32768 -32768 -32768 25872 13787 32767 -21227 0 1 1 1 0 0 2 0
42 0 -24576 9405 -22705 17378 -17378 22705 -9405 32767 13240 32767 -32768 -13787 25872 21227 32767 2 0 2 1 0 0 0 2
43 24576 0 22705 9405 17378 17378 9405 22705 -13240 32767 32767 32767 -25872 -13787 -32768 21227 0 2 2 2 0 0 1 0
44 0 24576 -9405 22705 -17378 17378 -22705 9405 -32768 -13240 -32768 32767 13787 -25872 -21227 -32768 1 0 1 2 0 0 0 1
45 -24576 0 -22705 -9405 -17378 -17378 -9405 -22705 13240 -32768 -32768 -32768 25872 13787 32767 -21227 0 1 1 1 0 0 2 0
46 0 -24576 9405 -22705 17378 -17378 22705 -9405 32767 13240 32767 -32768 -13787 25872 21227 32767 2 0 2 1 0 0 0 2
47 24576 0 22705 9405 17378 17378 9405 22705 -13240 32767 32767 32767 -25872 -13787 -32768 21227 0 2 2 2 0 0 1 0
48 0 24576 -9405 22705 -17378 17378 -22705 9405 -32768 -13240 -32768 32767 13787 -25872 -21227 -32768 1 0 1 2 0 0 0 1
49 -24576 0 -22705 -9405 -17378 -17378 -9405 -22705 13240 -32768 -32768 -32768 25872 13787 32767 -21227 0 1 1 1 0 0 2 0
50 0 -24576 9405 -22705 17378 -17378 22705 -9405 32767 13240 32767 -32768 -13787 25872 21227 32767 2 0 2 1 0 0 0 2
51 32767 32767 32767 32767 32767 32767 32767 32767 -28966 32767 32767 32767 -32768 -24722 -32768 32767 0 2 2 2 1 0 1 2
52 32767 32767 32767 32767 32767 32767 32767 32767 -32768 5934 -32768 30177 3028 -32768 -27421 -25286 1 0 1 0 0 1 0 0
53 32767 32767 32767 32767 32767 32767 32767 32767 31935 -8506 4708 -32768 32767 -32768 7624 -29295 0 0 0 1 2 1 0 0
54 32767 32767 32767 32767 32767 32767 32767 32767 32767 32767 32767 6882 32767 -32768 -21654 18615 2 2 2 0 2 1 0 0
55 32767 32767 32767 32767 32767 32767 32767 32767 -32768 32767 20312 32767 32767 -26227 -32768 -8430 1 2 0 2 2 0 1 0
56 -32768 -32768 -32768 -32768 -32768 -32768 -32768 -32768 -32768 -32768 -32768 32767 32767 32767 -17314 -32768 1 1 1 2 2 2 0 1
57 -32768 -32768 -32768 -32768 -32768 -32768 -32768 -32768 -15113 -32768 -16652 14208 9898 32767 -32768 -29402 0 1 0 0 0 2 1 0
58 -32768 -32768 -32768 -32768 -32768 -32768 -32768 -32768 -32768 -32768 32767 32767 -32768 32767 9215 32767 1 1 2 2 1 2 0 2
59 -32768 -32768 -32768 -32768 -32768 -32768 -32768 -32768 -32768 -32768 -32768 32767 -32768 32767 -203 16725 1 1 1 2 1 2 0 0
60 -32768 -32768 -32768 -32768 -32768 -32768 -32768 -32768 17192 -32768 30366 32767 -32768 32767 -1395 32767 0 1 0 2 1 2 0 2
61 31514 20375 -1908 -30983 -473 -10206 -29822 13646 32767 27181 32767 -18787 -32768 -14912 32767 32767 2 0 2 0 1 0 2 2
62 17129 21295 11317 -32498 16473 -10333 -28194 27214 19797 32767 32767 -32768 -24730 -9481 32767 32767 0 2 2 1 0 0 2 2
63 -32587 11189 -31321 27437 -5890 -6931 9816 10175 32767 1010 -10120 -32768 7263 -32768 32767 -32768 2 0 0 1 0 1 2 1
64 5622 2120 22920 15971 -15512 -7217 20725 -7217 32767 28509 -32768 -32768 13019 -32768 32767 -32768 2 0 1 1 0 1 2 1
65 -13492 18570 27344 -22776 -27603 8816 2931 -18300 -32768 32767 -32768 -32768 -2299 -32768 7924 -32768 1 2 1 1 0 1 0 1
66 -8980 -28435 -28230 -8524 23097 7777 -22536 7686 -23188 -32768 -8655 29757 -17676 8770 -16631 -32768 0 1 0 0 0 0 0 1
67 28251 7082 26631 -25905 -16095 20025 -15249 7648 32767 -32768 -32768 -32768 32151 -21014 -30568 -32768 2 1 1 1 0 0 0 1
68 -18286 30763 -12745 -350 -28951 6495 -9158 -2784 -32768 4439 32767 -32768 32767 -13389 -32768 -21963 1 0 2 1 2 0 1 0
69 -29642 -13985 -3674 -27777 -3497 -30611 -28899 -25669 19767 -32768 -32768 18501 2092 32767 -32768 25521 0 1 1 0 0 2 1 0
70 1690 26328 -20406 -6828 2124 -10578 -5208 3933 2924 17225 32767 13982 -32768 14964 17353 32767 0 0 2 0 1 0 0 2
71 -29785 30588 -24982 27557 -9210 27031 9484 -10188 -32768 22653 32767 32767 -11585 -30666 32767 14905 1 0 2 2 0 0 2 0
72 1280 -20288 2175 287 30871 32434 -629 -25151 -32768 -32768 -32768 -32768 -32768 -21550 14718 -32768 1 1 1 1 1 0 0 1
73 -25329 15194 19536 32006 5435 -4426 9688 7798 12130 -32768 32767 -19282 32767 159 -32768 32767 0 1 2 0 2 0 1 2
74 25932 3522 31101 13184 -581 -12169 32137 -7979 32767 -6039 3183 -20722 32767 -27890 32767 32767 2 0 0 0 2 0 2 2
75 -26742 976 1620 -2569 -20875 -6857 9222 -14389 -32768 -32768 -25267 -32768 -20120 -10288 9148 -32768 1 1 0 1 0 0 0 1
76 6509 30173 27778 -5547 -15321 -30533 -17123 -22066 32767 -32768 -23725 -32768 -32768 32767 -32768 -18427 2 1 0 1 1 2 1 0
77 -17114 10620 9968 27737 -23699 25536 -27292 -13561 -1475 -14659 -7722 32767 -16242 32767 22848 32767 0 0 0 2 0 2 0 2
78 -26944 17875 -890 28812 29687 28042 -15913 -32462 -32768 -513 -32768 32767 -32768 4357 32767 -9009 1 0 1 2 1 0 2 0
79 18323 -22085 -4820 32420 -23428 24865 4966 9244 32767 -22887 21151 24455 32767 19285 -32768 26002 2 0 0 0 2 0 1 0
80 -5870 29089 10435 -10271 -23815 20278 11950 -27721 -32768 -29936 32767 32767 32767 -14373 32767 32767 1 0 2 2 2 0 2 2
81 1842 26420 15580 -28490 27219 4897 12783 19099 5450 7098 32767 1891 5041 -1928 32767 -5809 0 0 2 0 0 0 2 0
82 23973 30013 16672 -23049 -6769 -13485 4603 29678 24375 -32768 13932 25095 -32768 31802 2088 16893 0 1 0 0 1 0 0 0
83 21513 -13493 16319 -19049 -5645 7218 -32458 -19241 12445 32767 -23502 -13283 15387 -20996 32767 -32768 0 2 0 0 0 0 2 1
84 17574 -14235 6295 -24924 -13144 28419 -30336 -1936 30675 264 -8227 26692 -32768 -18030 -31217 -32768 0 0 0 0 1 0 0 1
85 -3153 26822 8571 21908 2169 22710 31697 -10068 -32768 -29392 32767 32245 4825 32767 10022 32767 1 0 2 0 0 2 0 2
86 10755 -122 26129 14310 -31463 11136 -31540 3728 18447 -32768 32767 30927 32767 32767 18573 -32768 0 1 2 0 2 2 0 1
87 -8347 20421 13861 -4902 -18506 3637 12822 -22520 -32768 32767 32767 -28287 1018 21137 -32768 -10911 1 2 2 0 0 0 1 0
88 17097 -13658 3552 15633 24909 11466 -5166 -17214 -11945 -3111 32767 -25984 -28609 32767 32767 32767 0 0 2 0 0 2 2 2
89 -20787 8162 -7628 -1660 -1206 -29974 -27668 6378 -32768 24867 15480 -18832 -26711 18639 -32768 -32768 1 0 0 0 0 0 1 1
90 14965 16990 18272 9032 5845 20689 31730 -29467 -11472 14611 12341 -32768 -17480 -32768 13343 32767 0 0 0 1 0 1 0 2
91 5178 -9786 25403 12025 1763 -18760 -5599 -22840 30351 -28314 16351 31465 -32768 -17085 25440 -17853 0 0 0 0 1 0 0 0
92 -12451 20946 -16159 4269 7767 17443 -16137 -30871 -32768 30575 11062 32767 -12461 -727 -32768 -11552 1 0 0 2 0 0 1 0
93 21717 -4209 16639 -11230 8245 -10822 8899 1407 32767 -14783 27582 -32768 5090 16882 32767 32767 2 0 0 1 0 0 2 2
94 9867 -29729 6969 24378 23465 22887 -2161 -1155 -32768 -12529 32767 13261 -8123 -32768 29555 -32768 1 0 2 0 0 1 0 1
95 -10208 -32517 29408 -365 24682 21240 1478 11993 32767 6633 -32768 32767 17815 6592 -32768 -19836 2 0 1 2 0 0 1 0
