# pfb vector file
# schema: 1
# kind: pfb_io
# set: mixed
# phases: 8
# taps: 16
# coeff_file: pfb_mixed_p8t16.coeff
# seed: 350254112
# rounding_mode: nearest_even
# acc_w: 37
# count: 96
# generator: scripts/generate_coefficients.py
# reference: model/python/pfb_model.py (NumPy, independent)
# the model starts from an all-zero history at beat 0
# f* is the packed saturation flag word: sat_pos<<1 | sat_neg
# columns: beat x0_re x0_im x1_re x1_im x2_re x2_im x3_re x3_im x4_re x4_im x5_re x5_im x6_re x6_im x7_re x7_im y0_re y0_im y1_re y1_im y2_re y2_im y3_re y3_im y4_re y4_im y5_re y5_im y6_re y6_im y7_re y7_im f0_re f0_im f1_re f1_im f2_re f2_im f3_re f3_im f4_re f4_im f5_re f5_im f6_re f6_im f7_re f7_im
0 0 0 0 0 0 0 0 0 0 0 0 0 0 0 0 0 0 0 0 0 0 0 0 0 0 0 0 0 0 0 0 0 0 0 0 0 0 0 0 0 0 0 0 0 0 0 0 0
1 0 0 0 0 0 0 0 0 0 0 0 0 0 0 0 0 0 0 0 0 0 0 0 0 0 0 0 0 0 0 0 0 0 0 0 0 0 0 0 0 0 0 0 0 0 0 0 0
2 0 0 0 0 0 0 0 0 0 0 0 0 0 0 0 0 0 0 0 0 0 0 0 0 0 0 0 0 0 0 0 0 0 0 0 0 0 0 0 0 0 0 0 0 0 0 0 0
3 0 0 0 0 0 0 0 0 0 0 0 0 0 0 0 0 0 0 0 0 0 0 0 0 0 0 0 0 0 0 0 0 0 0 0 0 0 0 0 0 0 0 0 0 0 0 0 0
4 0 0 0 0 0 0 0 0 0 0 0 0 0 0 0 0 0 0 0 0 0 0 0 0 0 0 0 0 0 0 0 0 0 0 0 0 0 0 0 0 0 0 0 0 0 0 0 0
5 0 0 0 0 0 0 0 0 0 0 0 0 0 0 0 0 0 0 0 0 0 0 0 0 0 0 0 0 0 0 0 0 0 0 0 0 0 0 0 0 0 0 0 0 0 0 0 0
6 0 0 0 0 0 0 0 0 0 0 0 0 0 0 0 0 0 0 0 0 0 0 0 0 0 0 0 0 0 0 0 0 0 0 0 0 0 0 0 0 0 0 0 0 0 0 0 0
7 0 0 0 0 0 0 0 0 0 0 0 0 0 0 0 0 0 0 0 0 0 0 0 0 0 0 0 0 0 0 0 0 0 0 0 0 0 0 0 0 0 0 0 0 0 0 0 0
8 0 0 0 0 0 0 0 0 0 0 0 0 0 0 0 0 0 0 0 0 0 0 0 0 0 0 0 0 0 0 0 0 0 0 0 0 0 0 0 0 0 0 0 0 0 0 0 0
9 0 0 0 0 0 0 0 0 0 0 0 0 0 0 0 0 0 0 0 0 0 0 0 0 0 0 0 0 0 0 0 0 0 0 0 0 0 0 0 0 0 0 0 0 0 0 0 0
10 0 0 0 0 0 0 0 0 0 0 0 0 0 0 0 0 0 0 0 0 0 0 0 0 0 0 0 0 0 0 0 0 0 0 0 0 0 0 0 0 0 0 0 0 0 0 0 0
11 0 0 0 0 0 0 0 0 0 0 0 0 0 0 0 0 0 0 0 0 0 0 0 0 0 0 0 0 0 0 0 0 0 0 0 0 0 0 0 0 0 0 0 0 0 0 0 0
12 0 0 0 0 0 0 0 0 0 0 0 0 0 0 0 0 0 0 0 0 0 0 0 0 0 0 0 0 0 0 0 0 0 0 0 0 0 0 0 0 0 0 0 0 0 0 0 0
13 0 0 0 0 0 0 0 0 0 0 0 0 0 0 0 0 0 0 0 0 0 0 0 0 0 0 0 0 0 0 0 0 0 0 0 0 0 0 0 0 0 0 0 0 0 0 0 0
14 0 0 0 0 0 0 0 0 0 0 0 0 0 0 0 0 0 0 0 0 0 0 0 0 0 0 0 0 0 0 0 0 0 0 0 0 0 0 0 0 0 0 0 0 0 0 0 0
15 0 0 0 0 0 0 0 0 0 0 0 0 0 0 0 0 0 0 0 0 0 0 0 0 0 0 0 0 0 0 0 0 0 0 0 0 0 0 0 0 0 0 0 0 0 0 0 0
16 0 0 0 0 0 0 0 0 0 0 0 0 0 0 0 0 0 0 0 0 0 0 0 0 0 0 0 0 0 0 0 0 0 0 0 0 0 0 0 0 0 0 0 0 0 0 0 0
17 0 0 0 0 0 0 0 0 0 0 0 0 0 0 0 0 0 0 0 0 0 0 0 0 0 0 0 0 0 0 0 0 0 0 0 0 0 0 0 0 0 0 0 0 0 0 0 0
18 32767 -32768 32767 -32768 32767 -32768 32767 -32768 32767 -32768 32767 -32768 32767 -32768 32767 -32768 -10 10 -37 15 -62 0 -71 -29 -58 -58 -29 -69 0 -54 8 -20 0 0 0 0 0 0 0 0 0 0 0 0 0 0 0 0
19 0 0 0 0 0 0 0 0 0 0 0 0 0 0 0 0 -16 16 -66 28 -118 0 -141 -59 -120 -120 -60 -146 0 -116 18 -42 0 0 0 0 0 0 0 0 0 0 0 0 0 0 0 0
20 0 0 0 0 0 0 0 0 0 0 0 0 0 0 0 0 -35 35 -144 60 -256 0 -307 -127 -256 -256 -128 -310 0 -244 36 -86 0 0 0 0 0 0 0 0 0 0 0 0 0 0 0 0
21 0 0 0 0 0 0 0 0 0 0 0 0 0 0 0 0 -72 72 -290 120 -510 0 -601 -249 -498 -498 -247 -595 0 -464 67 -163 0 0 0 0 0 0 0 0 0 0 0 0 0 0 0 0
22 0 0 0 0 0 0 0 0 0 0 0 0 0 0 0 0 -134 134 -536 222 -932 0 -1092 -452 -898 -898 -442 -1068 0 -830 119 -289 0 0 0 0 0 0 0 0 0 0 0 0 0 0 0 0
23 0 0 0 0 0 0 0 0 0 0 0 0 0 0 0 0 -237 237 -949 393 -1652 0 -1937 -803 -1596 -1596 -790 -1906 0 -1490 217 -523 0 0 0 0 0 0 0 0 0 0 0 0 0 0 0 0
24 0 0 0 0 0 0 0 0 0 0 0 0 0 0 0 0 -434 434 -1756 728 -3106 0 -3711 -1537 -3130 -3130 -1593 -3845 0 -3110 472 -1140 0 0 0 0 0 0 0 0 0 0 0 0 0 0 0 0
25 0 0 0 0 0 0 0 0 0 0 0 0 0 0 0 0 -997 997 -4315 1787 -8318 0 -11141 -4615 -11013 -11013 -7098 -17136 0 -20702 8355 -20171 0 0 0 0 0 0 0 0 0 0 0 0 0 0 0 0
26 0 0 0 0 0 0 0 0 0 0 0 0 0 0 0 0 15439 -15439 19126 -7922 18548 0 14390 5960 8527 8527 3183 7685 0 4670 -539 1303 0 0 0 0 0 0 0 0 0 0 0 0 0 0 0 0
27 0 0 0 0 0 0 0 0 0 0 0 0 0 0 0 0 872 -872 2872 -1190 4162 0 4090 1694 2840 2840 1188 2870 0 1902 -235 567 0 0 0 0 0 0 0 0 0 0 0 0 0 0 0 0
28 0 0 0 0 0 0 0 0 0 0 0 0 0 0 0 0 400 -400 1376 -570 2064 0 2086 864 1482 1482 632 1526 0 1028 -128 310 0 0 0 0 0 0 0 0 0 0 0 0 0 0 0 0
29 0 0 0 0 0 0 0 0 0 0 0 0 0 0 0 0 221 -221 766 -318 1156 0 1173 485 836 836 357 861 0 580 -73 175 0 0 0 0 0 0 0 0 0 0 0 0 0 0 0 0
30 0 0 0 0 0 0 0 0 0 0 0 0 0 0 0 0 124 -124 429 -177 644 0 650 270 460 460 195 471 0 314 -38 94 0 0 0 0 0 0 0 0 0 0 0 0 0 0 0 0
31 0 0 0 0 0 0 0 0 0 0 0 0 0 0 0 0 66 -66 226 -94 336 0 335 139 234 234 98 236 0 156 -20 46 0 0 0 0 0 0 0 0 0 0 0 0 0 0 0 0
32 0 0 0 0 0 0 0 0 0 0 0 0 0 0 0 0 32 -32 108 -44 158 0 157 65 108 108 45 109 0 72 -9 21 0 0 0 0 0 0 0 0 0 0 0 0 0 0 0 0
33 0 0 0 0 0 0 0 0 0 0 0 0 0 0 0 0 15 -15 50 -20 74 0 76 32 55 55 24 58 0 40 -5 13 0 0 0 0 0 0 0 0 0 0 0 0 0 0 0 0
34 0 0 0 0 0 0 0 0 0 0 0 0 0 0 0 0 0 0 0 0 0 0 0 0 0 0 0 0 0 0 0 0 0 0 0 0 0 0 0 0 0 0 0 0 0 0 0 0
35 0 0 0 0 0 0 0 0 0 0 0 0 0 0 0 0 0 0 0 0 0 0 0 0 0 0 0 0 0 0 0 0 0 0 0 0 0 0 0 0 0 0 0 0 0 0 0 0
36 0 0 0 0 0 0 0 0 0 0 0 0 0 0 0 0 0 0 0 0 0 0 0 0 0 0 0 0 0 0 0 0 0 0 0 0 0 0 0 0 0 0 0 0 0 0 0 0
37 12345 -9876 12345 -9876 12345 -9876 12345 -9876 12345 -9876 12345 -9876 12345 -9876 12345 -9876 -4 3 -13 4 -21 -2 -23 -13 -17 -22 -7 -24 2 -18 3 -6 0 0 0 0 0 0 0 0 0 0 0 0 0 0 0 0
38 12345 -9876 12345 -9876 12345 -9876 12345 -9876 12345 -9876 12345 -9876 12345 -9876 12345 -9876 -10 8 -37 11 -61 -7 -69 -38 -54 -67 -22 -76 6 -58 11 -20 0 0 0 0 0 0 0 0 0 0 0 0 0 0 0 0
39 12345 -9876 12345 -9876 12345 -9876 12345 -9876 12345 -9876 12345 -9876 12345 -9876 12345 -9876 -23 18 -88 26 -148 -16 -168 -92 -131 -164 -54 -186 16 -140 27 -48 0 0 0 0 0 0 0 0 0 0 0 0 0 0 0 0
40 12345 -9876 12345 -9876 12345 -9876 12345 -9876 12345 -9876 12345 -9876 12345 -9876 12345 -9876 -50 40 -190 55 -321 -36 -362 -200 -281 -351 -115 -397 33 -298 55 -101 0 0 0 0 0 0 0 0 0 0 0 0 0 0 0 0
41 12345 -9876 12345 -9876 12345 -9876 12345 -9876 12345 -9876 12345 -9876 12345 -9876 12345 -9876 -101 80 -381 110 -637 -71 -716 -394 -552 -689 -225 -776 64 -579 107 -194 0 0 0 0 0 0 0 0 0 0 0 0 0 0 0 0
42 12345 -9876 12345 -9876 12345 -9876 12345 -9876 12345 -9876 12345 -9876 12345 -9876 12345 -9876 -190 152 -717 208 -1197 -133 -1342 -739 -1033 -1291 -421 -1452 120 -1084 200 -363 0 0 0 0 0 0 0 0 0 0 0 0 0 0 0 0
43 12345 -9876 12345 -9876 12345 -9876 12345 -9876 12345 -9876 12345 -9876 12345 -9876 12345 -9876 -353 283 -1340 389 -2250 -250 -2542 -1400 -1976 -2470 -816 -2816 238 -2139 403 -732 0 0 0 0 0 0 0 0 0 0 0 0 0 0 0 0
44 12345 -9876 12345 -9876 12345 -9876 12345 -9876 12345 -9876 12345 -9876 12345 -9876 12345 -9876 -729 583 -2870 832 -5070 -563 -6146 -3385 -5295 -6619 -2577 -8893 1018 -9158 3996 -7257 0 0 0 0 0 0 0 0 0 0 0 0 0 0 0 0
45 12345 -9876 12345 -9876 12345 -9876 12345 -9876 12345 -9876 12345 -9876 12345 -9876 12345 -9876 5087 -4070 3913 -1134 1219 135 -1491 -822 -2725 -3406 -1787 -6168 842 -7575 3764 -6835 0 0 0 0 0 0 0 0 0 0 0 0 0 0 0 0
46 12345 -9876 12345 -9876 12345 -9876 12345 -9876 12345 -9876 12345 -9876 12345 -9876 12345 -9876 5416 -4333 4932 -1429 2630 292 -168 -93 -1869 -2337 -1493 -5150 770 -6930 3663 -6652 0 0 0 0 0 0 0 0 0 0 0 0 0 0 0 0
47 12345 -9876 12345 -9876 12345 -9876 12345 -9876 12345 -9876 12345 -9876 12345 -9876 12345 -9876 5567 -4453 5420 -1570 3330 370 506 278 -1423 -1778 -1336 -4609 731 -6581 3608 -6551 0 0 0 0 0 0 0 0 0 0 0 0 0 0 0 0
48 12345 -9876 12345 -9876 12345 -9876 12345 -9876 12345 -9876 12345 -9876 12345 -9876 12345 -9876 5650 -4520 5691 -1649 3722 414 886 487 -1171 -1463 -1247 -4303 709 -6385 3576 -6495 0 0 0 0 0 0 0 0 0 0 0 0 0 0 0 0
49 12345 -9876 12345 -9876 12345 -9876 12345 -9876 12345 -9876 12345 -9876 12345 -9876 12345 -9876 5697 -4557 5844 -1693 3940 438 1096 603 -1032 -1290 -1199 -4136 698 -6278 3560 -6464 0 0 0 0 0 0 0 0 0 0 0 0 0 0 0 0
50 12345 -9876 12345 -9876 12345 -9876 12345 -9876 12345 -9876 12345 -9876 12345 -9876 12345 -9876 5722 -4577 5924 -1716 4054 450 1204 663 -961 -1202 -1175 -4053 692 -6225 3552 -6449 0 0 0 0 0 0 0 0 0 0 0 0 0 0 0 0
51 12345 -9876 12345 -9876 12345 -9876 12345 -9876 12345 -9876 12345 -9876 12345 -9876 12345 -9876 5734 -4587 5962 -1727 4107 456 1255 691 -929 -1161 -1164 -4014 689 -6201 3548 -6443 0 0 0 0 0 0 0 0 0 0 0 0 0 0 0 0
52 12345 -9876 12345 -9876 12345 -9876 12345 -9876 12345 -9876 12345 -9876 12345 -9876 12345 -9876 5739 -4591 5980 -1732 4133 459 1280 704 -912 -1140 -1158 -3993 687 -6187 3545 -6438 0 0 0 0 0 0 0 0 0 0 0 0 0 0 0 0
53 12345 -9876 12345 -9876 12345 -9876 12345 -9876 12345 -9876 12345 -9876 12345 -9876 12345 -9876 5739 -4591 5980 -1732 4133 459 1280 704 -912 -1140 -1158 -3993 687 -6187 3545 -6438 0 0 0 0 0 0 0 0 0 0 0 0 0 0 0 0
54 12345 -9876 12345 -9876 12345 -9876 12345 -9876 12345 -9876 12345 -9876 12345 -9876 12345 -9876 5739 -4591 5980 -1732 4133 459 1280 704 -912 -1140 -1158 -3993 687 -6187 3545 -6438 0 0 0 0 0 0 0 0 0 0 0 0 0 0 0 0
55 24576 0 24104 4795 22705 9405 20434 13654 17378 17378 13654 20434 9405 22705 4795 24104 5736 -4594 5975 -1748 4141 431 1310 677 -864 -1149 -1111 -3977 712 -6158 3548 -6423 0 0 0 0 0 0 0 0 0 0 0 0 0 0 0 0
56 0 24576 -4795 24104 -9405 22705 -13654 20434 -17378 17378 -20434 13654 -22705 9405 -24104 4795 5737 -4607 5996 -1781 4200 396 1404 671 -764 -1106 -1045 -3894 727 -6080 3538 -6392 0 0 0 0 0 0 0 0 0 0 0 0 0 0 0 0
57 -24576 0 -24104 -4795 -22705 -9405 -20434 -13654 -17378 -17378 -13654 -20434 -9405 -22705 -4795 -24104 5743 -4622 6037 -1824 4299 357 1554 680 -613 -1018 -952 -3752 741 -5952 3519 -6346 0 0 0 0 0 0 0 0 0 0 0 0 0 0 0 0
58 0 -24576 4795 -24104 9405 -22705 13654 -20434 17378 -17378 20434 -13654 22705 -9405 24104 -4795 5747 -4650 6098 -1911 4469 263 1826 672 -326 -885 -763 -3511 786 -5726 3497 -6260 0 0 0 0 0 0 0 0 0 0 0 0 0 0 0 0
59 24576 0 24104 4795 22705 9405 20434 13654 17378 17378 13654 20434 9405 22705 4795 24104 5758 -4714 6227 -2086 4812 89 2350 668 211 -622 -416 -3057 866 -5308 3453 -6100 0 0 0 0 0 0 0 0 0 0 0 0 0 0 0 0
60 0 24576 -4795 24104 -9405 22705 -13654 20434 -17378 17378 -20434 13654 -22705 9405 -24104 4795 5793 -4825 6488 -2376 5435 -175 3270 707 1137 -124 176 -2239 997 -4558 3367 -5811 0 0 0 0 0 0 0 0 0 0 0 0 0 0 0 0
61 -24576 0 -24104 -4795 -22705 -9405 -20434 -13654 -17378 -17378 -13654 -20434 -9405 -22705 -4795 -24104 5849 -5010 6917 -2890 6519 -707 4974 663 2998 687 1521 -695 1428 -2988 3242 -5141 0 0 0 0 0 0 0 0 0 0 0 0 0 0 0 0
62 0 -24576 4795 -24104 9405 -22705 13654 -20434 17378 -17378 20434 -13654 22705 -9405 24104 -4795 5856 -5418 7560 -4343 8931 -2916 10115 -1032 10866 1573 10585 4843 8752 8151 5417 10545 0 0 0 0 0 0 0 0 0 0 0 0 0 0 0 0
63 24576 0 24104 4795 22705 9405 20434 13654 17378 17378 13654 20434 9405 22705 4795 24104 12475 -1133 12974 4211 10617 9139 6280 12317 1197 13272 -3640 12200 -7622 9522 -10361 5642 0 0 0 0 0 0 0 0 0 0 0 0 0 0 0 0
64 0 24576 -4795 24104 -9405 22705 -13654 20434 -17378 17378 -20434 13654 -22705 9405 -24104 4795 1589 11564 -2391 11520 -6468 9909 -9801 6610 -11555 2086 -11306 -2792 -9149 -7111 -5544 -10200 0 0 0 0 0 0 0 0 0 0 0 0 0 0 0 0
65 -24576 0 -24104 -4795 -22705 -9405 -20434 -13654 -17378 -17378 -13654 -20434 -9405 -22705 -4795 -24104 -11350 1128 -10607 -3162 -8520 -6871 -5272 -9648 -1166 -11088 3268 -10855 7306 -8881 10252 -5461 0 0 0 0 0 0 0 0 0 0 0 0 0 0 0 0
66 0 -24576 4795 -24104 9405 -22705 13654 -20434 17378 -17378 20434 -13654 22705 -9405 24104 -4795 -1011 -11594 3654 -11006 7605 -8711 10337 -5168 11541 -910 11076 3496 8969 7430 5487 10287 0 0 0 0 0 0 0 0 0 0 0 0 0 0 0 0
67 24576 0 24104 4795 22705 9405 20434 13654 17378 17378 13654 20434 9405 22705 4795 24104 11659 -1134 11263 3464 9080 7531 5496 10411 1108 11676 -3410 11181 -7396 9018 -10275 5500 0 0 0 0 0 0 0 0 0 0 0 0 0 0 0 0
68 0 24576 -4795 24104 -9405 22705 -13654 20434 -17378 17378 -20434 13654 -22705 9405 -24104 4795 1167 11602 -3339 11183 -7363 9061 -10272 5542 -11601 1174 -11154 -3365 -9008 -7380 -5494 -10272 0 0 0 0 0 0 0 0 0 0 0 0 0 0 0 0
69 -24576 0 -24104 -4795 -22705 -9405 -20434 -13654 -17378 -17378 -13654 -20434 -9405 -22705 -4795 -24104 -11586 1145 -11130 -3365 -8995 -7361 -5494 -10245 -1153 -11572 3369 -11139 7381 -9005 10274 -5494 0 0 0 0 0 0 0 0 0 0 0 0 0 0 0 0
70 0 -24576 4795 -24104 9405 -22705 13654 -20434 17378 -17378 20434 -13654 22705 -9405 24104 -4795 -1138 -11592 3384 -11132 7379 -8984 10250 -5475 11564 -1141 11127 3370 8999 7375 5494 10271 0 0 0 0 0 0 0 0 0 0 0 0 0 0 0 0
71 24576 0 24104 4795 22705 9405 20434 13654 17378 17378 13654 20434 9405 22705 4795 24104 11592 -1138 11132 3384 8984 7379 5475 10250 1141 11564 -3370 11127 -7375 8999 -10271 5494 0 0 0 0 0 0 0 0 0 0 0 0 0 0 0 0
72 0 24576 -4795 24104 -9405 22705 -13654 20434 -17378 17378 -20434 13654 -22705 9405 -24104 4795 1138 11592 -3384 11132 -7379 8984 -10250 5475 -11564 1141 -11127 -3370 -8999 -7375 -5494 -10271 0 0 0 0 0 0 0 0 0 0 0 0 0 0 0 0
73 -24576 0 -24104 -4795 -22705 -9405 -20434 -13654 -17378 -17378 -13654 -20434 -9405 -22705 -4795 -24104 -11592 1138 -11132 -3384 -8984 -7379 -5475 -10250 -1141 -11564 3370 -11127 7375 -8999 10271 -5494 0 0 0 0 0 0 0 0 0 0 0 0 0 0 0 0
74 0 -24576 4795 -24104 9405 -22705 13654 -20434 17378 -17378 20434 -13654 22705 -9405 24104 -4795 -1138 -11592 3384 -11132 7379 -8984 10250 -5475 11564 -1141 11127 3370 8999 7375 5494 10271 0 0 0 0 0 0 0 0 0 0 0 0 0 0 0 0
75 24576 0 24104 4795 22705 9405 20434 13654 17378 17378 13654 20434 9405 22705 4795 24104 11592 -1138 11132 3384 8984 7379 5475 10250 1141 11564 -3370 11127 -7375 8999 -10271 5494 0 0 0 0 0 0 0 0 0 0 0 0 0 0 0 0
76 0 24576 -4795 24104 -9405 22705 -13654 20434 -17378 17378 -20434 13654 -22705 9405 -24104 4795 1138 11592 -3384 11132 -7379 8984 -10250 5475 -11564 1141 -11127 -3370 -8999 -7375 -5494 -10271 0 0 0 0 0 0 0 0 0 0 0 0 0 0 0 0
77 -24576 0 -24104 -4795 -22705 -9405 -20434 -13654 -17378 -17378 -13654 -20434 -9405 -22705 -4795 -24104 -11592 1138 -11132 -3384 -8984 -7379 -5475 -10250 -1141 -11564 3370 -11127 7375 -8999 10271 -5494 0 0 0 0 0 0 0 0 0 0 0 0 0 0 0 0
78 0 -24576 4795 -24104 9405 -22705 13654 -20434 17378 -17378 20434 -13654 22705 -9405 24104 -4795 -1138 -11592 3384 -11132 7379 -8984 10250 -5475 11564 -1141 11127 3370 8999 7375 5494 10271 0 0 0 0 0 0 0 0 0 0 0 0 0 0 0 0
79 24576 0 24104 4795 22705 9405 20434 13654 17378 17378 13654 20434 9405 22705 4795 24104 11592 -1138 11132 3384 8984 7379 5475 10250 1141 11564 -3370 11127 -7375 8999 -10271 5494 0 0 0 0 0 0 0 0 0 0 0 0 0 0 0 0
80 0 24576 -4795 24104 -9405 22705 -13654 20434 -17378 17378 -20434 13654 -22705 9405 -24104 4795 1138 11592 -3384 11132 -7379 8984 -10250 5475 -11564 1141 -11127 -3370 -8999 -7375 -5494 -10271 0 0 0 0 0 0 0 0 0 0 0 0 0 0 0 0
81 -24576 0 -24104 -4795 -22705 -9405 -20434 -13654 -17378 -17378 -13654 -20434 -9405 -22705 -4795 -24104 -11592 1138 -11132 -3384 -8984 -7379 -5475 -10250 -1141 -11564 3370 -11127 7375 -8999 10271 -5494 0 0 0 0 0 0 0 0 0 0 0 0 0 0 0 0
82 0 -24576 4795 -24104 9405 -22705 13654 -20434 17378 -17378 20434 -13654 22705 -9405 24104 -4795 -1138 -11592 3384 -11132 7379 -8984 10250 -5475 11564 -1141 11127 3370 8999 7375 5494 10271 0 0 0 0 0 0 0 0 0 0 0 0 0 0 0 0
83 24576 0 24104 4795 22705 9405 20434 13654 17378 17378 13654 20434 9405 22705 4795 24104 11592 -1138 11132 3384 8984 7379 5475 10250 1141 11564 -3370 11127 -7375 8999 -10271 5494 0 0 0 0 0 0 0 0 0 0 0 0 0 0 0 0
84 0 24576 -4795 24104 -9405 22705 -13654 20434 -17378 17378 -20434 13654 -22705 9405 -24104 4795 1138 11592 -3384 11132 -7379 8984 -10250 5475 -11564 1141 -11127 -3370 -8999 -7375 -5494 -10271 0 0 0 0 0 0 0 0 0 0 0 0 0 0 0 0
85 -24576 0 -24104 -4795 -22705 -9405 -20434 -13654 -17378 -17378 -13654 -20434 -9405 -22705 -4795 -24104 -11592 1138 -11132 -3384 -8984 -7379 -5475 -10250 -1141 -11564 3370 -11127 7375 -8999 10271 -5494 0 0 0 0 0 0 0 0 0 0 0 0 0 0 0 0
86 0 -24576 4795 -24104 9405 -22705 13654 -20434 17378 -17378 20434 -13654 22705 -9405 24104 -4795 -1138 -11592 3384 -11132 7379 -8984 10250 -5475 11564 -1141 11127 3370 8999 7375 5494 10271 0 0 0 0 0 0 0 0 0 0 0 0 0 0 0 0
87 24576 0 24104 4795 22705 9405 20434 13654 17378 17378 13654 20434 9405 22705 4795 24104 11592 -1138 11132 3384 8984 7379 5475 10250 1141 11564 -3370 11127 -7375 8999 -10271 5494 0 0 0 0 0 0 0 0 0 0 0 0 0 0 0 0
88 0 24576 -4795 24104 -9405 22705 -13654 20434 -17378 17378 -20434 13654 -22705 9405 -24104 4795 1138 11592 -3384 11132 -7379 8984 -10250 5475 -11564 1141 -11127 -3370 -8999 -7375 -5494 -10271 0 0 0 0 0 0 0 0 0 0 0 0 0 0 0 0
89 -24576 0 -24104 -4795 -22705 -9405 -20434 -13654 -17378 -17378 -13654 -20434 -9405 -22705 -4795 -24104 -11592 1138 -11132 -3384 -8984 -7379 -5475 -10250 -1141 -11564 3370 -11127 7375 -8999 10271 -5494 0 0 0 0 0 0 0 0 0 0 0 0 0 0 0 0
90 0 -24576 4795 -24104 9405 -22705 13654 -20434 17378 -17378 20434 -13654 22705 -9405 24104 -4795 -1138 -11592 3384 -11132 7379 -8984 10250 -5475 11564 -1141 11127 3370 8999 7375 5494 10271 0 0 0 0 0 0 0 0 0 0 0 0 0 0 0 0
91 32767 32767 32767 32767 32767 32767 32767 32767 32767 32767 32767 32767 32767 32767 32767 32767 11590 -1148 11134 3359 8996 7348 5497 10219 1168 11537 -3340 11106 -7347 8988 -10257 5493 0 0 0 0 0 0 0 0 0 0 0 0 0 0 0 0
92 32767 32767 32767 32767 32767 32767 32767 32767 32767 32767 32767 32767 32767 32767 32767 32767 1125 11574 -3407 11067 -7386 8874 -10218 5335 -11480 996 -11002 -3481 -8875 -7425 -5436 -10271 0 0 0 0 0 0 0 0 0 0 0 0 0 0 0 0
93 32767 32767 32767 32767 32767 32767 32767 32767 32767 32767 32767 32767 32767 32767 32767 32767 -11634 1090 -11204 -3565 -9002 -7696 -5366 -10652 -875 -11957 3743 -11399 7719 -9094 10418 -5477 0 0 0 0 0 0 0 0 0 0 0 0 0 0 0 0
94 32767 32767 32767 32767 32767 32767 32767 32767 32767 32767 32767 32767 32767 32767 32767 32767 -1229 -11706 3233 -11546 7364 -9698 10530 -6363 12190 -1977 11967 2821 9745 7211 5798 10321 0 0 0 0 0 0 0 0 0 0 0 0 0 0 0 0
95 32767 32767 32767 32767 32767 32767 32767 32767 32767 32767 32767 32767 32767 32767 32767 32767 11407 -1363 10819 2554 8942 5942 6037 8469 2399 9905 -1698 10061 -5910 8698 -9685 5597 0 0 0 0 0 0 0 0 0 0 0 0 0 0 0 0
